	id	state	COUNTY	GEO_TTL	relevant_naics	NAICS_TTL	NAICS_Sector	GEO_ID	estab	emp	payann
20279	27	27	0	Minnesota	113110	Timber tract operations	11	0400000US27	5.555555555555555	12.88888888888889	745.5555555555555
20280	27	27	0	Minnesota	113210	Forest nurseries and gathering of forest products	11	0400000US27	9.333333333333334	32.77777777777778	1265.4444444444443
20281	27	27	0	Minnesota	113310	Logging	11	0400000US27	167.77777777777777	933.3333333333334	35499.11111111111
20282	27	27	0	Minnesota	114111	Finfish fishing	11	0400000US27	5.222222222222222	18.444444444444443	354.8888888888889
20283	27	27	0	Minnesota	114112	Shellfish fishing	11	0400000US27	1.0	0.0	0.0
20284	27	27	0	Minnesota	114119	Other marine fishing	11	0400000US27	1.0	0.0	0.0
20285	27	27	0	Minnesota	114210	Hunting and trapping	11	0400000US27	18.444444444444443	73.22222222222223	1802.5555555555557
20286	27	27	0	Minnesota	115112	Soil preparation, planting, and cultivating	11	0400000US27	93.66666666666667	349.55555555555554	24169.333333333332
20287	27	27	0	Minnesota	115113	Crop harvesting, primarily by machine	11	0400000US27	21.88888888888889	111.88888888888889	6364.444444444444
20288	27	27	0	Minnesota	115114	Postharvest crop activities (except cotton ginning)	11	0400000US27	27.22222222222222	284.44444444444446	11232.111111111111
20289	27	27	0	Minnesota	115115	Farm labor contractors and crew leaders	11	0400000US27	10.777777777777779	44.55555555555556	1547.111111111111
20290	27	27	0	Minnesota	115116	Farm management services	11	0400000US27	27.555555555555557	137.77777777777777	5004.666666666667
20291	27	27	0	Minnesota	115210	Support activities for animal production	11	0400000US27	126.11111111111111	479.22222222222223	14190.0
20292	27	27	0	Minnesota	115310	Support activities for forestry	11	0400000US27	28.555555555555557	72.66666666666667	2394.5555555555557
20293	27	27	0	Minnesota	211111	Crude petroleum and natural gas extraction	21	0400000US27	5.6	16.8	1441.0
20294	27	27	0	Minnesota	211120	Crude petroleum extraction	21	0400000US27	3.0	0.0	0.0
20295	27	27	0	Minnesota	212210	Iron ore mining	21	0400000US27	8.88888888888889	4051.777777777778	366103.1111111111
20296	27	27	0	Minnesota	212234	Copper ore and nickel ore mining	21	0400000US27	2.4	0.0	0.0
20297	27	27	0	Minnesota	212299	All other metal ore mining	21	0400000US27	1.75	0.0	0.0
20298	27	27	0	Minnesota	212311	Dimension stone mining and quarrying	21	0400000US27	6.333333333333333	12.777777777777779	890.3333333333334
20299	27	27	0	Minnesota	212312	Crushed and broken limestone mining and quarrying	21	0400000US27	14.88888888888889	168.11111111111111	24460.222222222223
20300	27	27	0	Minnesota	212313	Crushed and broken granite mining and quarrying	21	0400000US27	5.222222222222222	48.44444444444444	3428.777777777778
20301	27	27	0	Minnesota	212319	Other crushed and broken stone mining and quarrying	21	0400000US27	5.0	63.333333333333336	5050.111111111111
20302	27	27	0	Minnesota	212321	Construction sand and gravel mining	21	0400000US27	63.888888888888886	484.55555555555554	44804.77777777778
20303	27	27	0	Minnesota	212322	Industrial sand mining	21	0400000US27	6.111111111111111	96.11111111111111	7981.222222222223
20304	27	27	0	Minnesota	212399	All other nonmetallic mineral mining	21	0400000US27	3.7777777777777777	34.0	2288.777777777778
20305	27	27	0	Minnesota	213111	Drilling oil and gas wells	21	0400000US27	9.555555555555555	49.0	6522.333333333333
20306	27	27	0	Minnesota	213112	Support activities for oil and gas operations	21	0400000US27	10.222222222222221	18.666666666666668	1669.6666666666667
20307	27	27	0	Minnesota	213113	Support activities for coal mining	21	0400000US27	1.0	0.0	0.0
20308	27	27	0	Minnesota	213114	Support activities for metal mining	21	0400000US27	8.0	69.44444444444444	5823.777777777777
20309	27	27	0	Minnesota	213115	Support activities for nonmetallic minerals (except fuels) mining	21	0400000US27	5.0	5.444444444444445	451.44444444444446
20310	27	27	0	Minnesota	221111	Hydroelectric power generation	22	0400000US27	9.555555555555555	85.33333333333333	8425.444444444445
20311	27	27	0	Minnesota	221112	Fossil fuel electric power generation	22	0400000US27	38.333333333333336	1533.7777777777778	177894.22222222222
20312	27	27	0	Minnesota	221113	Nuclear electric power generation	22	0400000US27	1.8	0.0	0.0
20313	27	27	0	Minnesota	221114	Solar electric power generation	22	0400000US27	5.444444444444445	3.2222222222222223	298.44444444444446
20314	27	27	0	Minnesota	221115	Wind electric power generation	22	0400000US27	18.666666666666668	115.88888888888889	14009.888888888889
20315	27	27	0	Minnesota	221117	Biomass electric power generation	22	0400000US27	2.6666666666666665	12.222222222222221	740.5555555555555
20316	27	27	0	Minnesota	221118	Other electric power generation	22	0400000US27	28.8	133.4	11749.4
20317	27	27	0	Minnesota	221121	Electric bulk power transmission and control	22	0400000US27	4.444444444444445	0.0	0.0
20318	27	27	0	Minnesota	221122	Electric power distribution	22	0400000US27	154.0	7414.111111111111	703770.0
20319	27	27	0	Minnesota	221210	Natural gas distribution	22	0400000US27	53.55555555555556	795.0	58381.333333333336
20320	27	27	0	Minnesota	221310	Water supply and irrigation systems	22	0400000US27	16.666666666666668	56.44444444444444	2586.222222222222
20321	27	27	0	Minnesota	221320	Sewage treatment facilities	22	0400000US27	11.0	78.55555555555556	3771.8888888888887
20322	27	27	0	Minnesota	221330	Steam and air-conditioning supply	22	0400000US27	7.888888888888889	173.22222222222223	19388.222222222223
20323	27	27	0	Minnesota	236115	New single-family housing construction (except for-sale builders)	23	0400000US27	1123.7777777777778	3230.0	144824.11111111112
20324	27	27	0	Minnesota	236116	New multifamily housing construction (except for-sale builders)	23	0400000US27	64.66666666666667	1034.4444444444443	73878.66666666667
20325	27	27	0	Minnesota	236117	New housing for-sale builders	23	0400000US27	297.77777777777777	1500.6666666666667	104806.44444444444
20326	27	27	0	Minnesota	236118	Residential remodelers	23	0400000US27	2465.1111111111113	6210.666666666667	271057.55555555556
20327	27	27	0	Minnesota	236210	Industrial building construction	23	0400000US27	55.888888888888886	476.6666666666667	30646.0
20328	27	27	0	Minnesota	236220	Commercial and institutional building construction	23	0400000US27	708.8888888888889	11100.222222222223	884669.6666666666
20329	27	27	0	Minnesota	237110	Water and sewer line and related structures construction	23	0400000US27	277.6666666666667	2353.222222222222	208342.77777777778
20330	27	27	0	Minnesota	237120	Oil and gas pipeline and related structures construction	23	0400000US27	16.444444444444443	1948.6666666666667	244481.66666666666
20331	27	27	0	Minnesota	237130	Power and communication line and related structures construction	23	0400000US27	137.77777777777777	6803.888888888889	542878.2222222222
20332	27	27	0	Minnesota	237210	Land subdivision	23	0400000US27	71.77777777777777	152.11111111111111	13436.111111111111
20333	27	27	0	Minnesota	237310	Highway, street, and bridge construction	23	0400000US27	285.22222222222223	4842.444444444444	599625.0
20334	27	27	0	Minnesota	237990	Other heavy and civil engineering construction	23	0400000US27	123.44444444444444	1479.111111111111	111387.22222222222
20335	27	27	0	Minnesota	238110	Poured concrete foundation and structure contractors	23	0400000US27	552.8888888888889	2689.8888888888887	196000.33333333334
20336	27	27	0	Minnesota	238120	Structural steel and precast concrete contractors	23	0400000US27	51.44444444444444	1141.888888888889	96957.33333333333
20337	27	27	0	Minnesota	238130	Framing contractors	23	0400000US27	358.55555555555554	2164.3333333333335	95467.22222222222
20338	27	27	0	Minnesota	238140	Masonry contractors	23	0400000US27	519.0	2611.4444444444443	180406.55555555556
20339	27	27	0	Minnesota	238150	Glass and glazing contractors	23	0400000US27	81.22222222222223	1085.7777777777778	65715.66666666667
20340	27	27	0	Minnesota	238160	Roofing contractors	23	0400000US27	359.44444444444446	2472.0	159941.33333333334
20341	27	27	0	Minnesota	238170	Siding contractors	23	0400000US27	353.44444444444446	1131.2222222222222	56505.555555555555
20342	27	27	0	Minnesota	238190	Other foundation, structure, and building exterior contractors	23	0400000US27	107.66666666666667	347.22222222222223	20990.222222222223
20343	27	27	0	Minnesota	238210	Electrical contractors and other wiring installation contractors	23	0400000US27	1536.7777777777778	14573.555555555555	1004137.3333333334
20344	27	27	0	Minnesota	238220	Plumbing, heating, and air-conditioning contractors	23	0400000US27	1770.6666666666667	16707.11111111111	1136879.111111111
20345	27	27	0	Minnesota	238290	Other building equipment contractors	23	0400000US27	148.66666666666666	3053.1111111111113	221395.0
20346	27	27	0	Minnesota	238310	Drywall and insulation contractors	23	0400000US27	486.55555555555554	4354.222222222223	256784.77777777778
20347	27	27	0	Minnesota	238320	Painting and wall covering contractors	23	0400000US27	736.6666666666666	3544.0	180714.22222222222
20348	27	27	0	Minnesota	238330	Flooring contractors	23	0400000US27	405.6666666666667	1843.3333333333333	89683.22222222222
20349	27	27	0	Minnesota	238340	Tile and terrazzo contractors	23	0400000US27	164.88888888888889	864.7777777777778	49123.555555555555
20350	27	27	0	Minnesota	238350	Finish carpentry contractors	23	0400000US27	645.2222222222222	2653.777777777778	133799.33333333334
20351	27	27	0	Minnesota	238390	Other building finishing contractors	23	0400000US27	196.11111111111111	1651.6666666666667	89354.66666666667
20352	27	27	0	Minnesota	238910	Site preparation contractors	23	0400000US27	897.3333333333334	5327.777777777777	456615.6666666667
20353	27	27	0	Minnesota	238990	All other specialty trade contractors	23	0400000US27	1320.888888888889	3922.222222222222	258977.55555555556
20354	27	27	0	Minnesota	311111	Dog and cat food manufacturing	31	0400000US27	6.333333333333333	269.0	14913.555555555555
20355	27	27	0	Minnesota	311119	Other animal food manufacturing	31	0400000US27	72.77777777777777	1572.2222222222222	99800.77777777778
20356	27	27	0	Minnesota	311211	Flour milling	31	0400000US27	16.77777777777778	640.1111111111111	41516.0
20357	27	27	0	Minnesota	311212	Rice milling	31	0400000US27	3.3333333333333335	29.77777777777778	1386.5555555555557
20358	27	27	0	Minnesota	311213	Malt manufacturing	31	0400000US27	3.3333333333333335	70.44444444444444	5600.111111111111
20359	27	27	0	Minnesota	311221	Wet corn milling	31	0400000US27	3.0	171.44444444444446	10427.333333333334
20360	27	27	0	Minnesota	311224	Soybean and other oilseed processing	31	0400000US27	6.777777777777778	533.0	31975.333333333332
20361	27	27	0	Minnesota	311225	Fats and oils refining and blending	31	0400000US27	5.555555555555555	261.0	15612.888888888889
20362	27	27	0	Minnesota	311230	Breakfast cereal manufacturing	31	0400000US27	3.888888888888889	646.6666666666666	50378.0
20363	27	27	0	Minnesota	311313	Beet sugar manufacturing	31	0400000US27	5.0	0.0	0.0
20364	27	27	0	Minnesota	311314	Cane sugar manufacturing	31	0400000US27	1.0	0.0	0.0
20365	27	27	0	Minnesota	311340	Nonchocolate confectionery manufacturing	31	0400000US27	9.11111111111111	882.6666666666666	46913.0
20366	27	27	0	Minnesota	311351	Chocolate and confectionery manufacturing from cacao beans	31	0400000US27	3.0	0.0	0.0
20367	27	27	0	Minnesota	311352	Confectionery manufacturing from purchased chocolate	31	0400000US27	19.11111111111111	244.77777777777777	6476.333333333333
20368	27	27	0	Minnesota	311411	Frozen fruit, juice, and vegetable manufacturing	31	0400000US27	6.444444444444445	808.5555555555555	41862.555555555555
20369	27	27	0	Minnesota	311412	Frozen specialty food manufacturing	31	0400000US27	16.88888888888889	1363.5555555555557	51602.77777777778
20370	27	27	0	Minnesota	311421	Fruit and vegetable canning	31	0400000US27	17.22222222222222	794.5555555555555	58908.444444444445
20371	27	27	0	Minnesota	311422	Specialty canning	31	0400000US27	2.888888888888889	0.0	0.0
20372	27	27	0	Minnesota	311423	Dried and dehydrated food manufacturing	31	0400000US27	4.0	73.33333333333333	2415.5555555555557
20373	27	27	0	Minnesota	311511	Fluid milk manufacturing	31	0400000US27	23.88888888888889	1255.0	79677.66666666667
20374	27	27	0	Minnesota	311512	Creamery butter manufacturing	31	0400000US27	2.4444444444444446	101.33333333333333	9502.666666666666
20375	27	27	0	Minnesota	311513	Cheese manufacturing	31	0400000US27	21.666666666666668	1326.3333333333333	71157.55555555556
20376	27	27	0	Minnesota	311514	Dry, condensed, and evaporated dairy product manufacturing	31	0400000US27	11.444444444444445	640.4444444444445	33564.444444444445
20377	27	27	0	Minnesota	311520	Ice cream and frozen dessert manufacturing	31	0400000US27	5.777777777777778	0.0	0.0
20378	27	27	0	Minnesota	311611	Animal (except poultry) slaughtering	31	0400000US27	55.77777777777778	7035.666666666667	302386.8888888889
20379	27	27	0	Minnesota	311612	Meat processed from carcasses	31	0400000US27	30.0	2467.222222222222	110593.44444444444
20380	27	27	0	Minnesota	311613	Rendering and meat byproduct processing	31	0400000US27	10.88888888888889	255.77777777777777	11005.666666666666
20381	27	27	0	Minnesota	311615	Poultry processing	31	0400000US27	18.333333333333332	5920.777777777777	227047.0
20382	27	27	0	Minnesota	311710	Seafood product preparation and packaging	31	0400000US27	3.888888888888889	0.0	0.0
20383	27	27	0	Minnesota	311811	Retail bakeries	31	0400000US27	112.77777777777777	1557.4444444444443	26050.0
20384	27	27	0	Minnesota	311812	Commercial bakeries	31	0400000US27	42.111111111111114	2518.6666666666665	90857.22222222222
20385	27	27	0	Minnesota	311813	Frozen cakes, pies, and other pastries manufacturing	31	0400000US27	4.111111111111111	682.6666666666666	28219.555555555555
20386	27	27	0	Minnesota	311821	Cookie and cracker manufacturing	31	0400000US27	4.2	35.4	1019.6
20387	27	27	0	Minnesota	311824	Dry pasta, dough, and flour mixes manufacturing from purchased flour	31	0400000US27	11.555555555555555	587.4444444444445	25619.777777777777
20388	27	27	0	Minnesota	311830	Tortilla manufacturing	31	0400000US27	5.0	506.8888888888889	22125.88888888889
20389	27	27	0	Minnesota	311911	Roasted nuts and peanut butter manufacturing	31	0400000US27	7.444444444444445	387.1111111111111	14430.0
20390	27	27	0	Minnesota	311919	Other snack food manufacturing	31	0400000US27	10.555555555555555	1897.5555555555557	75487.0
20391	27	27	0	Minnesota	311920	Coffee and tea manufacturing	31	0400000US27	12.222222222222221	62.333333333333336	2823.4444444444443
20392	27	27	0	Minnesota	311930	Flavoring syrup and concentrate manufacturing	31	0400000US27	1.4	0.0	0.0
20393	27	27	0	Minnesota	311941	Mayonnaise, dressing, and other prepared sauce manufacturing	31	0400000US27	1.8	7.2	253.6
20394	27	27	0	Minnesota	311942	Spice and extract manufacturing	31	0400000US27	8.222222222222221	693.3333333333334	33403.77777777778
20395	27	27	0	Minnesota	311991	Perishable prepared food manufacturing	31	0400000US27	18.444444444444443	2127.5555555555557	100482.55555555556
20396	27	27	0	Minnesota	311999	All other miscellaneous food manufacturing	31	0400000US27	34.666666666666664	1805.5555555555557	81942.0
20397	27	27	0	Minnesota	312111	Soft drink manufacturing	31	0400000US27	9.222222222222221	1055.6666666666667	57181.666666666664
20398	27	27	0	Minnesota	312112	Bottled water manufacturing	31	0400000US27	3.6	5.2	284.4
20399	27	27	0	Minnesota	312113	Ice manufacturing	31	0400000US27	7.111111111111111	48.55555555555556	2869.0
20400	27	27	0	Minnesota	312120	Breweries	31	0400000US27	66.0	877.6666666666666	29024.222222222223
20401	27	27	0	Minnesota	312130	Wineries	31	0400000US27	24.333333333333332	230.55555555555554	5116.777777777777
20402	27	27	0	Minnesota	312140	Distilleries	31	0400000US27	13.777777777777779	230.66666666666666	11646.777777777777
20403	27	27	0	Minnesota	312230	Tobacco manufacturing	31	0400000US27	1.0	0.0	0.0
20404	27	27	0	Minnesota	313110	Fiber, yarn, and thread mills	31	0400000US27	2.6	30.8	1677.4
20405	27	27	0	Minnesota	313210	Broadwoven fabric mills	31	0400000US27	3.6666666666666665	0.0	0.0
20406	27	27	0	Minnesota	313220	Narrow fabric mills and schiffli machine embroidery	31	0400000US27	1.4	0.0	0.0
20407	27	27	0	Minnesota	313230	Nonwoven fabric mills	31	0400000US27	1.3333333333333333	0.0	0.0
20408	27	27	0	Minnesota	313240	Knit fabric mills	31	0400000US27	2.2	11.2	450.0
20409	27	27	0	Minnesota	313310	Textile and fabric finishing mills	31	0400000US27	7.666666666666667	39.22222222222222	1520.0
20410	27	27	0	Minnesota	313320	Fabric coating mills	31	0400000US27	3.5555555555555554	27.22222222222222	1580.4444444444443
20411	27	27	0	Minnesota	314110	Carpet and rug mills	31	0400000US27	1.4	0.0	0.0
20412	27	27	0	Minnesota	314120	Curtain and linen mills	31	0400000US27	29.0	826.8888888888889	25879.11111111111
20413	27	27	0	Minnesota	314910	Textile bag and canvas mills	31	0400000US27	28.555555555555557	215.11111111111111	6825.333333333333
20414	27	27	0	Minnesota	314994	Rope, cordage, twine, tire cord, and tire fabric mills	31	0400000US27	3.0	109.44444444444444	5731.0
20415	27	27	0	Minnesota	314999	All other miscellaneous textile product mills	31	0400000US27	65.77777777777777	683.8888888888889	22143.0
20416	27	27	0	Minnesota	315110	Hosiery and sock mills	31	0400000US27	1.0	0.0	0.0
20417	27	27	0	Minnesota	315190	Other apparel knitting mills	31	0400000US27	2.0	0.0	0.0
20418	27	27	0	Minnesota	315210	Cut and sew apparel contractors	31	0400000US27	18.555555555555557	75.66666666666667	2136.5555555555557
20419	27	27	0	Minnesota	315220	Men's and boys' cut and sew apparel manufacturing	31	0400000US27	4.222222222222222	8.88888888888889	305.8888888888889
20420	27	27	0	Minnesota	315240	Women's, girls', and infants' cut and sew apparel manufacturing	31	0400000US27	7.0	26.0	757.7777777777778
20421	27	27	0	Minnesota	315280	Other cut and sew apparel manufacturing	31	0400000US27	15.555555555555555	316.44444444444446	8971.0
20422	27	27	0	Minnesota	315990	Apparel accessories and other apparel manufacturing	31	0400000US27	18.666666666666668	92.22222222222223	4329.888888888889
20423	27	27	0	Minnesota	316110	Leather and hide tanning and finishing	31	0400000US27	6.222222222222222	337.55555555555554	15651.333333333334
20424	27	27	0	Minnesota	316210	Footwear manufacturing	31	0400000US27	2.3333333333333335	0.0	0.0
20425	27	27	0	Minnesota	316992	Women's handbag and purse manufacturing	31	0400000US27	1.0	0.0	0.0
20426	27	27	0	Minnesota	316998	All other leather good and allied product manufacturing	31	0400000US27	13.333333333333334	78.33333333333333	2805.3333333333335
20427	27	27	0	Minnesota	321113	Sawmills	32	0400000US27	38.333333333333336	490.44444444444446	20809.0
20428	27	27	0	Minnesota	321114	Wood preservation	32	0400000US27	7.111111111111111	154.77777777777777	9971.666666666666
20429	27	27	0	Minnesota	321211	Hardwood veneer and plywood manufacturing	32	0400000US27	4.0	154.0	6400.555555555556
20430	27	27	0	Minnesota	321212	Softwood veneer and plywood manufacturing	32	0400000US27	1.0	0.0	0.0
20431	27	27	0	Minnesota	321213	Engineered wood member (except truss) manufacturing	32	0400000US27	3.7777777777777777	168.88888888888889	7548.888888888889
20432	27	27	0	Minnesota	321214	Truss manufacturing	32	0400000US27	16.88888888888889	606.5555555555555	28590.444444444445
20433	27	27	0	Minnesota	321219	Reconstituted wood product manufacturing	32	0400000US27	5.333333333333333	368.44444444444446	22185.555555555555
20434	27	27	0	Minnesota	321911	Wood window and door manufacturing	32	0400000US27	33.666666666666664	5942.777777777777	324779.3333333333
20435	27	27	0	Minnesota	321912	Cut stock, resawing lumber, and planing	32	0400000US27	13.0	162.66666666666666	7003.777777777777
20436	27	27	0	Minnesota	321918	Other millwork (including flooring)	32	0400000US27	40.22222222222222	537.4444444444445	20372.333333333332
20437	27	27	0	Minnesota	321920	Wood container and pallet manufacturing	32	0400000US27	69.0	1295.5555555555557	44390.444444444445
20438	27	27	0	Minnesota	321991	Manufactured home (mobile home) manufacturing	32	0400000US27	6.666666666666667	361.6666666666667	16343.888888888889
20439	27	27	0	Minnesota	321992	Prefabricated wood building manufacturing	32	0400000US27	16.0	361.3333333333333	19414.222222222223
20440	27	27	0	Minnesota	321999	All other miscellaneous wood product manufacturing	32	0400000US27	77.66666666666667	792.1111111111111	31995.222222222223
20441	27	27	0	Minnesota	322110	Pulp mills	32	0400000US27	1.0	0.0	0.0
20442	27	27	0	Minnesota	322121	Paper (except newsprint) mills	32	0400000US27	5.333333333333333	1905.7777777777778	142078.55555555556
20443	27	27	0	Minnesota	322122	Newsprint mills	32	0400000US27	1.0	0.0	0.0
20444	27	27	0	Minnesota	322130	Paperboard mills	32	0400000US27	4.0	0.0	0.0
20445	27	27	0	Minnesota	322211	Corrugated and solid fiber box manufacturing	32	0400000US27	31.0	2538.1111111111113	152228.66666666666
20446	27	27	0	Minnesota	322212	Folding paperboard box manufacturing	32	0400000US27	17.11111111111111	1223.7777777777778	73012.11111111111
20447	27	27	0	Minnesota	322219	Other paperboard container manufacturing	32	0400000US27	3.8	33.2	1377.2
20448	27	27	0	Minnesota	322220	Paper bag and coated and treated paper manufacturing	32	0400000US27	20.22222222222222	1674.0	102743.88888888889
20449	27	27	0	Minnesota	322230	Stationery product manufacturing	32	0400000US27	14.777777777777779	870.4444444444445	49161.0
20450	27	27	0	Minnesota	322299	All other converted paper product manufacturing	32	0400000US27	11.555555555555555	358.6666666666667	16211.777777777777
20451	27	27	0	Minnesota	323111	Commercial printing (except screen and books)	32	0400000US27	495.8888888888889	18762.11111111111	977320.1111111111
20452	27	27	0	Minnesota	323113	Commercial screen printing	32	0400000US27	114.0	2279.222222222222	85520.44444444444
20453	27	27	0	Minnesota	323117	Books printing	32	0400000US27	11.555555555555555	424.44444444444446	18913.555555555555
20454	27	27	0	Minnesota	323120	Support activities for printing	32	0400000US27	56.22222222222222	1475.888888888889	82106.0
20455	27	27	0	Minnesota	324110	Petroleum refineries	32	0400000US27	2.4	0.0	0.0
20456	27	27	0	Minnesota	324121	Asphalt paving mixture and block manufacturing	32	0400000US27	8.0	79.77777777777777	10791.666666666666
20457	27	27	0	Minnesota	324122	Asphalt shingle and coating materials manufacturing	32	0400000US27	5.888888888888889	478.44444444444446	35262.444444444445
20458	27	27	0	Minnesota	324191	Petroleum lubricating oil and grease manufacturing	32	0400000US27	4.555555555555555	0.0	0.0
20459	27	27	0	Minnesota	324199	All other petroleum and coal products manufacturing	32	0400000US27	1.0	0.0	0.0
20460	27	27	0	Minnesota	325120	Industrial gas manufacturing	32	0400000US27	7.222222222222222	109.22222222222223	6500.777777777777
20461	27	27	0	Minnesota	325130	Synthetic dye and pigment manufacturing	32	0400000US27	1.0	0.0	0.0
20462	27	27	0	Minnesota	325180	Other basic inorganic chemical manufacturing	32	0400000US27	3.5555555555555554	0.0	0.0
20463	27	27	0	Minnesota	325193	Ethyl alcohol manufacturing	32	0400000US27	21.22222222222222	805.2222222222222	50547.0
20464	27	27	0	Minnesota	325199	All other basic organic chemical manufacturing	32	0400000US27	6.888888888888889	116.88888888888889	7597.333333333333
20465	27	27	0	Minnesota	325211	Plastics material and resin manufacturing	32	0400000US27	22.444444444444443	1036.5555555555557	60505.11111111111
20466	27	27	0	Minnesota	325212	Synthetic rubber manufacturing	32	0400000US27	2.6666666666666665	143.11111111111111	8163.555555555556
20467	27	27	0	Minnesota	325311	Nitrogenous fertilizer manufacturing	32	0400000US27	7.222222222222222	66.66666666666667	5572.111111111111
20468	27	27	0	Minnesota	325312	Phosphatic fertilizer manufacturing	32	0400000US27	2.0	0.0	0.0
20469	27	27	0	Minnesota	325314	Fertilizer (mixing only) manufacturing	32	0400000US27	9.555555555555555	55.111111111111114	2377.1111111111113
20470	27	27	0	Minnesota	325320	Pesticide and other agricultural chemical manufacturing	32	0400000US27	2.6666666666666665	21.666666666666668	1609.2222222222222
20471	27	27	0	Minnesota	325411	Medicinal and botanical manufacturing	32	0400000US27	11.666666666666666	904.2222222222222	64573.0
20472	27	27	0	Minnesota	325412	Pharmaceutical preparation manufacturing	32	0400000US27	18.444444444444443	1155.111111111111	102313.33333333333
20473	27	27	0	Minnesota	325413	In-vitro diagnostic substance manufacturing	32	0400000US27	8.0	422.1111111111111	37750.22222222222
20474	27	27	0	Minnesota	325414	Biological product (except diagnostic) manufacturing	32	0400000US27	9.333333333333334	355.44444444444446	25769.666666666668
20475	27	27	0	Minnesota	325510	Paint and coating manufacturing	32	0400000US27	27.555555555555557	539.7777777777778	29614.0
20476	27	27	0	Minnesota	325520	Adhesive manufacturing	32	0400000US27	7.666666666666667	201.66666666666666	18129.666666666668
20477	27	27	0	Minnesota	325611	Soap and other detergent manufacturing	32	0400000US27	13.222222222222221	178.66666666666666	12471.666666666666
20478	27	27	0	Minnesota	325612	Polish and other sanitation good manufacturing	32	0400000US27	15.444444444444445	139.88888888888889	9268.888888888889
20479	27	27	0	Minnesota	325613	Surface active agent manufacturing	32	0400000US27	1.0	0.0	0.0
20480	27	27	0	Minnesota	325620	Toilet preparation manufacturing	32	0400000US27	17.555555555555557	811.6666666666666	38611.0
20481	27	27	0	Minnesota	325910	Printing ink manufacturing	32	0400000US27	8.444444444444445	115.22222222222223	5187.0
20482	27	27	0	Minnesota	325920	Explosives manufacturing	32	0400000US27	2.0	0.0	0.0
20483	27	27	0	Minnesota	325991	Custom compounding of purchased resins	32	0400000US27	8.555555555555555	885.5555555555555	63015.77777777778
20484	27	27	0	Minnesota	325992	Photographic film, paper, plate, and chemical manufacturing	32	0400000US27	4.444444444444445	0.0	0.0
20485	27	27	0	Minnesota	325998	All other miscellaneous chemical product and preparation manufacturing	32	0400000US27	27.333333333333332	860.3333333333334	66384.77777777778
20486	27	27	0	Minnesota	326111	Plastics bag and pouch manufacturing	32	0400000US27	5.666666666666667	49.333333333333336	2506.777777777778
20487	27	27	0	Minnesota	326112	Plastics packaging film and sheet (including laminated) manufacturing	32	0400000US27	10.0	342.55555555555554	18924.555555555555
20488	27	27	0	Minnesota	326113	Unlaminated plastics film and sheet (except packaging) manufacturing	32	0400000US27	16.22222222222222	750.4444444444445	38526.333333333336
20489	27	27	0	Minnesota	326121	Unlaminated plastics profile shape manufacturing	32	0400000US27	13.444444444444445	251.22222222222223	14880.0
20490	27	27	0	Minnesota	326122	Plastics pipe and pipe fitting manufacturing	32	0400000US27	9.11111111111111	782.5555555555555	46718.555555555555
20491	27	27	0	Minnesota	326130	Laminated plastics plate, sheet (except packaging), and shape manufacturing	32	0400000US27	6.888888888888889	35.888888888888886	1621.5555555555557
20492	27	27	0	Minnesota	326140	Polystyrene foam product manufacturing	32	0400000US27	11.333333333333334	415.3333333333333	21107.11111111111
20493	27	27	0	Minnesota	326150	Urethane and other foam product (except polystyrene) manufacturing	32	0400000US27	11.555555555555555	198.66666666666666	8803.333333333334
20494	27	27	0	Minnesota	326160	Plastics bottle manufacturing	32	0400000US27	3.5555555555555554	98.44444444444444	4495.555555555556
20495	27	27	0	Minnesota	326191	Plastics plumbing fixture manufacturing	32	0400000US27	3.3333333333333335	37.22222222222222	1963.0
20496	27	27	0	Minnesota	326199	All other plastics product manufacturing	32	0400000US27	183.88888888888889	9622.888888888889	491055.0
20497	27	27	0	Minnesota	326211	Tire manufacturing (except retreading)	32	0400000US27	1.0	0.0	0.0
20498	27	27	0	Minnesota	326212	Tire retreading	32	0400000US27	5.666666666666667	91.55555555555556	3614.5555555555557
20499	27	27	0	Minnesota	326220	Rubber and plastics hoses and belting manufacturing	32	0400000US27	3.0	0.0	0.0
20500	27	27	0	Minnesota	326291	Rubber product manufacturing for mechanical use	32	0400000US27	15.88888888888889	698.3333333333334	35739.444444444445
20501	27	27	0	Minnesota	326299	All other rubber product manufacturing	32	0400000US27	24.333333333333332	709.6666666666666	35170.88888888889
20502	27	27	0	Minnesota	327110	Pottery, ceramics, and plumbing fixture manufacturing	32	0400000US27	9.666666666666666	165.0	6503.555555555556
20503	27	27	0	Minnesota	327120	Clay building material and refractories manufacturing	32	0400000US27	7.444444444444445	14.333333333333334	546.4444444444445
20504	27	27	0	Minnesota	327212	Other pressed and blown glass and glassware manufacturing	32	0400000US27	6.888888888888889	92.55555555555556	3711.222222222222
20505	27	27	0	Minnesota	327213	Glass container manufacturing	32	0400000US27	1.8	0.0	0.0
20506	27	27	0	Minnesota	327215	Glass product manufacturing made of purchased glass	32	0400000US27	19.444444444444443	1700.888888888889	87205.44444444444
20507	27	27	0	Minnesota	327310	Cement manufacturing	32	0400000US27	2.0	5.777777777777778	568.0
20508	27	27	0	Minnesota	327320	Ready-mix concrete manufacturing	32	0400000US27	134.66666666666666	1289.6666666666667	87376.11111111111
20509	27	27	0	Minnesota	327331	Concrete block and brick manufacturing	32	0400000US27	20.333333333333332	387.0	20848.777777777777
20510	27	27	0	Minnesota	327332	Concrete pipe manufacturing	32	0400000US27	8.88888888888889	147.33333333333334	11902.666666666666
20511	27	27	0	Minnesota	327390	Other concrete product manufacturing	32	0400000US27	41.55555555555556	1314.111111111111	92123.0
20512	27	27	0	Minnesota	327420	Gypsum product manufacturing	32	0400000US27	1.4	0.0	0.0
20513	27	27	0	Minnesota	327910	Abrasive product manufacturing	32	0400000US27	3.0	0.0	0.0
20514	27	27	0	Minnesota	327991	Cut stone and stone product manufacturing	32	0400000US27	48.22222222222222	2686.222222222222	143886.44444444444
20515	27	27	0	Minnesota	327992	Ground or treated mineral and earth manufacturing	32	0400000US27	3.3333333333333335	13.333333333333334	1209.7777777777778
20516	27	27	0	Minnesota	327993	Mineral wool manufacturing	32	0400000US27	5.111111111111111	99.77777777777777	6424.333333333333
20517	27	27	0	Minnesota	327999	All other miscellaneous nonmetallic mineral product manufacturing	32	0400000US27	6.444444444444445	41.44444444444444	3444.4444444444443
20518	27	27	0	Minnesota	331110	Iron and steel mills and ferroalloy manufacturing	33	0400000US27	7.444444444444445	262.77777777777777	20232.555555555555
20519	27	27	0	Minnesota	331210	Iron and steel pipe and tube manufacturing from purchased steel	33	0400000US27	7.444444444444445	66.88888888888889	3583.222222222222
20520	27	27	0	Minnesota	331221	Rolled steel shape manufacturing	33	0400000US27	2.8	7.6	238.8
20521	27	27	0	Minnesota	331222	Steel wire drawing	33	0400000US27	5.555555555555555	69.55555555555556	3546.8888888888887
20522	27	27	0	Minnesota	331313	Alumina refining and primary aluminum production	33	0400000US27	1.0	0.0	0.0
20523	27	27	0	Minnesota	331314	Secondary smelting and alloying of aluminum	33	0400000US27	1.0	0.0	0.0
20524	27	27	0	Minnesota	331315	Aluminum sheet, plate, and foil manufacturing	33	0400000US27	1.0	0.0	0.0
20525	27	27	0	Minnesota	331318	Other aluminum rolling, drawing, and extruding	33	0400000US27	3.111111111111111	107.77777777777777	6049.333333333333
20526	27	27	0	Minnesota	331410	Nonferrous metal (except aluminum) smelting and refining	33	0400000US27	2.6	0.0	0.0
20527	27	27	0	Minnesota	331420	Copper rolling, drawing, extruding, and alloying	33	0400000US27	1.0	0.0	0.0
20528	27	27	0	Minnesota	331491	Nonferrous metal (except copper and aluminum) rolling, drawing, extruding, and alloying	33	0400000US27	5.0	132.33333333333334	6167.777777777777
20529	27	27	0	Minnesota	331492	Secondary smelting, refining, and alloying of nonferrous metal (except copper and aluminum)	33	0400000US27	2.8	3.4	613.2
20530	27	27	0	Minnesota	331511	Iron foundries	33	0400000US27	12.777777777777779	1078.888888888889	56554.666666666664
20531	27	27	0	Minnesota	331512	Steel investment foundries	33	0400000US27	2.0	0.0	0.0
20532	27	27	0	Minnesota	331513	Steel foundries (except investment)	33	0400000US27	3.5555555555555554	149.44444444444446	9604.333333333334
20533	27	27	0	Minnesota	331523	Nonferrous metal die-casting foundries	33	0400000US27	18.88888888888889	2024.3333333333333	105044.0
20534	27	27	0	Minnesota	331524	Aluminum foundries (except die-casting)	33	0400000US27	7.777777777777778	648.7777777777778	31519.777777777777
20535	27	27	0	Minnesota	331529	Other nonferrous metal foundries (except die-casting)	33	0400000US27	4.555555555555555	118.22222222222223	4599.777777777777
20536	27	27	0	Minnesota	332111	Iron and steel forging	33	0400000US27	4.777777777777778	36.55555555555556	2207.1111111111113
20537	27	27	0	Minnesota	332114	Custom roll forming	33	0400000US27	9.444444444444445	303.55555555555554	16884.11111111111
20538	27	27	0	Minnesota	332117	Powder metallurgy part manufacturing	33	0400000US27	2.0	0.0	0.0
20539	27	27	0	Minnesota	332119	Metal crown, closure, and other metal stamping (except automotive)	33	0400000US27	58.55555555555556	3639.4444444444443	187170.33333333334
20540	27	27	0	Minnesota	332215	Metal kitchen cookware, utensil, cutlery, and flatware (except precious) manufacturing	33	0400000US27	1.2	0.0	0.0
20541	27	27	0	Minnesota	332216	Saw blade and handtool manufacturing	33	0400000US27	27.333333333333332	1211.7777777777778	77420.0
20542	27	27	0	Minnesota	332311	Prefabricated metal building and component manufacturing	33	0400000US27	11.333333333333334	317.6666666666667	19238.666666666668
20543	27	27	0	Minnesota	332312	Fabricated structural metal manufacturing	33	0400000US27	66.0	1097.888888888889	61089.333333333336
20544	27	27	0	Minnesota	332313	Plate work manufacturing	33	0400000US27	43.666666666666664	1488.4444444444443	73800.44444444444
20545	27	27	0	Minnesota	332321	Metal window and door manufacturing	33	0400000US27	14.333333333333334	301.55555555555554	17308.444444444445
20546	27	27	0	Minnesota	332322	Sheet metal work manufacturing	33	0400000US27	85.0	2670.222222222222	152380.33333333334
20547	27	27	0	Minnesota	332323	Ornamental and architectural metal work manufacturing	33	0400000US27	51.666666666666664	834.2222222222222	44818.0
20548	27	27	0	Minnesota	332410	Power boiler and heat exchanger manufacturing	33	0400000US27	6.333333333333333	534.0	34818.88888888889
20549	27	27	0	Minnesota	332420	Metal tank (heavy gauge) manufacturing	33	0400000US27	17.333333333333332	1039.6666666666667	56872.0
20550	27	27	0	Minnesota	332431	Metal can manufacturing	33	0400000US27	5.0	617.7777777777778	39432.333333333336
20551	27	27	0	Minnesota	332439	Other metal container manufacturing	33	0400000US27	6.0	146.55555555555554	5791.0
20552	27	27	0	Minnesota	332510	Hardware manufacturing	33	0400000US27	15.444444444444445	726.8888888888889	39021.0
20553	27	27	0	Minnesota	332613	Spring manufacturing	33	0400000US27	5.222222222222222	97.77777777777777	5171.0
20554	27	27	0	Minnesota	332618	Other fabricated wire product manufacturing	33	0400000US27	18.444444444444443	656.0	32802.666666666664
20555	27	27	0	Minnesota	332710	Machine shops	33	0400000US27	544.3333333333334	8097.444444444444	426379.22222222225
20556	27	27	0	Minnesota	332721	Precision turned product manufacturing	33	0400000US27	125.0	4578.888888888889	267479.55555555556
20557	27	27	0	Minnesota	332722	Bolt, nut, screw, rivet, and washer manufacturing	33	0400000US27	11.555555555555555	402.77777777777777	20739.555555555555
20558	27	27	0	Minnesota	332811	Metal heat treating	33	0400000US27	11.666666666666666	320.77777777777777	14882.555555555555
20559	27	27	0	Minnesota	332812	Metal coating, engraving (except jewelry and silverware), and allied services to manufacturers	33	0400000US27	77.0	1305.2222222222222	52743.77777777778
20560	27	27	0	Minnesota	332813	Electroplating, plating, polishing, anodizing, and coloring	33	0400000US27	60.77777777777778	1663.7777777777778	71580.44444444444
20561	27	27	0	Minnesota	332911	Industrial valve manufacturing	33	0400000US27	11.88888888888889	864.0	68385.0
20562	27	27	0	Minnesota	332912	Fluid power valve and hose fitting manufacturing	33	0400000US27	10.88888888888889	491.44444444444446	26223.333333333332
20563	27	27	0	Minnesota	332913	Plumbing fixture fitting and trim manufacturing	33	0400000US27	1.8	0.0	0.0
20564	27	27	0	Minnesota	332919	Other metal valve and pipe fitting manufacturing	33	0400000US27	3.2	17.4	1132.4
20565	27	27	0	Minnesota	332991	Ball and roller bearing manufacturing	33	0400000US27	1.4	0.0	0.0
20566	27	27	0	Minnesota	332992	Small arms ammunition manufacturing	33	0400000US27	1.4	0.0	0.0
20567	27	27	0	Minnesota	332993	Ammunition (except small arms) manufacturing	33	0400000US27	1.0	0.0	0.0
20568	27	27	0	Minnesota	332994	Small arms, ordnance, and ordnance accessories manufacturing	33	0400000US27	7.111111111111111	67.11111111111111	2735.3333333333335
20569	27	27	0	Minnesota	332996	Fabricated pipe and pipe fitting manufacturing	33	0400000US27	14.222222222222221	377.0	21491.222222222223
20570	27	27	0	Minnesota	332999	All other miscellaneous fabricated metal product manufacturing	33	0400000US27	147.44444444444446	2569.222222222222	125402.11111111111
20571	27	27	0	Minnesota	333111	Farm machinery and equipment manufacturing	33	0400000US27	65.77777777777777	3390.777777777778	169117.0
20572	27	27	0	Minnesota	333112	Lawn and garden tractor and home lawn and garden equipment manufacturing	33	0400000US27	5.888888888888889	65.77777777777777	4275.777777777777
20573	27	27	0	Minnesota	333120	Construction machinery manufacturing	33	0400000US27	32.666666666666664	2620.1111111111113	152780.0
20574	27	27	0	Minnesota	333131	Mining machinery and equipment manufacturing	33	0400000US27	5.444444444444445	86.33333333333333	6255.555555555556
20575	27	27	0	Minnesota	333132	Oil and gas field machinery and equipment manufacturing	33	0400000US27	4.444444444444445	18.77777777777778	1128.2222222222222
20576	27	27	0	Minnesota	333241	Food product machinery manufacturing	33	0400000US27	25.77777777777778	1435.4444444444443	107423.33333333333
20577	27	27	0	Minnesota	333242	Semiconductor machinery manufacturing	33	0400000US27	3.4	0.0	0.0
20578	27	27	0	Minnesota	333243	Sawmill, woodworking, and paper machinery manufacturing	33	0400000US27	9.11111111111111	165.88888888888889	10410.222222222223
20579	27	27	0	Minnesota	333244	Printing machinery and equipment manufacturing	33	0400000US27	7.222222222222222	126.66666666666667	7356.777777777777
20580	27	27	0	Minnesota	333249	Other industrial machinery manufacturing	33	0400000US27	57.22222222222222	1405.4444444444443	86853.22222222222
20581	27	27	0	Minnesota	333314	Optical instrument and lens manufacturing	33	0400000US27	3.3333333333333335	0.0	0.0
20582	27	27	0	Minnesota	333316	Photographic and photocopying equipment manufacturing	33	0400000US27	6.666666666666667	119.22222222222223	12355.444444444445
20583	27	27	0	Minnesota	333318	Other commercial and service industry machinery manufacturing	33	0400000US27	39.888888888888886	1092.0	74584.77777777778
20584	27	27	0	Minnesota	333413	Industrial and commercial fan and blower and air purification equipment manufacturing	33	0400000US27	10.222222222222221	205.33333333333334	12423.555555555555
20585	27	27	0	Minnesota	333414	Heating equipment (except warm air furnaces) manufacturing	33	0400000US27	21.444444444444443	1069.6666666666667	49213.11111111111
20586	27	27	0	Minnesota	333415	Air-conditioning and warm air heating equipment and commercial and industrial refrigeration equipment manufacturing	33	0400000US27	21.22222222222222	1700.2222222222222	106010.33333333333
20587	27	27	0	Minnesota	333511	Industrial mold manufacturing	33	0400000US27	70.88888888888889	1227.2222222222222	71542.33333333333
20588	27	27	0	Minnesota	333514	Special die and tool, die set, jig, and fixture manufacturing	33	0400000US27	53.0	2311.6666666666665	157222.11111111112
20589	27	27	0	Minnesota	333515	Cutting tool and machine tool accessory manufacturing	33	0400000US27	29.22222222222222	550.4444444444445	34388.0
20590	27	27	0	Minnesota	333517	Machine tool manufacturing	33	0400000US27	20.77777777777778	595.2222222222222	31145.777777777777
20591	27	27	0	Minnesota	333519	Rolling mill and other metalworking machinery manufacturing	33	0400000US27	8.777777777777779	28.666666666666668	1499.3333333333333
20592	27	27	0	Minnesota	333611	Turbine and turbine generator set units manufacturing	33	0400000US27	4.555555555555555	92.11111111111111	5156.888888888889
20593	27	27	0	Minnesota	333612	Speed changer, industrial high-speed drive, and gear manufacturing	33	0400000US27	8.222222222222221	309.1111111111111	15647.666666666666
20594	27	27	0	Minnesota	333613	Mechanical power transmission equipment manufacturing	33	0400000US27	6.666666666666667	286.8888888888889	16897.88888888889
20595	27	27	0	Minnesota	333618	Other engine equipment manufacturing	33	0400000US27	8.777777777777779	602.5555555555555	30917.666666666668
20596	27	27	0	Minnesota	333911	Pump and pumping equipment manufacturing	33	0400000US27	13.4	800.8	51753.8
20597	27	27	0	Minnesota	333912	Air and gas compressor manufacturing	33	0400000US27	11.444444444444445	798.2222222222222	67764.77777777778
20598	27	27	0	Minnesota	333913	Measuring and dispensing pump manufacturing	33	0400000US27	2.2	0.0	0.0
20599	27	27	0	Minnesota	333914	Measuring, dispensing, and other pumping equipment manufacturing	33	0400000US27	14.0	856.0	70408.0
20600	27	27	0	Minnesota	333921	Elevator and moving stairway manufacturing	33	0400000US27	6.777777777777778	318.22222222222223	23753.444444444445
20601	27	27	0	Minnesota	333922	Conveyor and conveying equipment manufacturing	33	0400000US27	28.333333333333332	1710.111111111111	102408.44444444444
20602	27	27	0	Minnesota	333923	Overhead traveling crane, hoist, and monorail system manufacturing	33	0400000US27	16.555555555555557	446.0	26492.333333333332
20603	27	27	0	Minnesota	333924	Industrial truck, trailer, and stacker machinery manufacturing	33	0400000US27	11.11111111111111	349.55555555555554	23861.0
20604	27	27	0	Minnesota	333991	Power-driven handtool manufacturing	33	0400000US27	2.6	0.0	0.0
20605	27	27	0	Minnesota	333992	Welding and soldering equipment manufacturing	33	0400000US27	8.444444444444445	172.55555555555554	9411.888888888889
20606	27	27	0	Minnesota	333993	Packaging machinery manufacturing	33	0400000US27	30.666666666666668	2412.6666666666665	147190.77777777778
20607	27	27	0	Minnesota	333994	Industrial process furnace and oven manufacturing	33	0400000US27	7.666666666666667	242.66666666666666	15755.777777777777
20608	27	27	0	Minnesota	333995	Fluid power cylinder and actuator manufacturing	33	0400000US27	14.222222222222221	711.4444444444445	45834.555555555555
20609	27	27	0	Minnesota	333996	Fluid power pump and motor manufacturing	33	0400000US27	7.555555555555555	595.6666666666666	37765.555555555555
20610	27	27	0	Minnesota	333997	Scale and balance manufacturing	33	0400000US27	2.4	0.0	0.0
20611	27	27	0	Minnesota	333999	All other miscellaneous general purpose machinery manufacturing	33	0400000US27	61.666666666666664	3419.0	241536.77777777778
20612	27	27	0	Minnesota	334111	Electronic computer manufacturing	33	0400000US27	7.333333333333333	38.111111111111114	3242.777777777778
20613	27	27	0	Minnesota	334112	Computer storage device manufacturing	33	0400000US27	3.888888888888889	0.0	0.0
20614	27	27	0	Minnesota	334118	Computer terminal and other computer peripheral equipment manufacturing	33	0400000US27	18.444444444444443	1446.5555555555557	136629.0
20615	27	27	0	Minnesota	334210	Telephone apparatus manufacturing	33	0400000US27	4.666666666666667	126.11111111111111	8356.0
20616	27	27	0	Minnesota	334220	Radio and television broadcasting and wireless communications equipment manufacturing	33	0400000US27	7.222222222222222	160.88888888888889	12217.333333333334
20617	27	27	0	Minnesota	334290	Other communications equipment manufacturing	33	0400000US27	5.888888888888889	0.0	0.0
20618	27	27	0	Minnesota	334310	Audio and video equipment manufacturing	33	0400000US27	10.333333333333334	275.44444444444446	14654.0
20619	27	27	0	Minnesota	334412	Bare printed circuit board manufacturing	33	0400000US27	18.666666666666668	946.4444444444445	46429.88888888889
20620	27	27	0	Minnesota	334413	Semiconductor and related device manufacturing	33	0400000US27	19.444444444444443	1885.3333333333333	160443.88888888888
20621	27	27	0	Minnesota	334416	Capacitor, resistor, coil, transformer, and other inductor manufacturing	33	0400000US27	8.444444444444445	421.6666666666667	19242.11111111111
20622	27	27	0	Minnesota	334417	Electronic connector manufacturing	33	0400000US27	7.222222222222222	637.7777777777778	38862.22222222222
20623	27	27	0	Minnesota	334418	Printed circuit assembly (electronic assembly) manufacturing	33	0400000US27	43.22222222222222	3554.0	205438.77777777778
20624	27	27	0	Minnesota	334419	Other electronic component manufacturing	33	0400000US27	23.444444444444443	748.5555555555555	37099.22222222222
20625	27	27	0	Minnesota	334510	Electromedical and electrotherapeutic apparatus manufacturing	33	0400000US27	45.0	9070.111111111111	780548.1111111111
20626	27	27	0	Minnesota	334511	Search, detection, navigation, guidance, aeronautical, and nautical system and instrument manufacturing	33	0400000US27	9.88888888888889	3040.222222222222	240261.88888888888
20627	27	27	0	Minnesota	334512	Automatic environmental control manufacturing for residential, commercial, and appliance use	33	0400000US27	8.88888888888889	0.0	0.0
20628	27	27	0	Minnesota	334513	Instruments and related products manufacturing for measuring, displaying, and controlling industrial process variables	33	0400000US27	20.11111111111111	1900.6666666666667	134595.66666666666
20629	27	27	0	Minnesota	334514	Totalizing fluid meter and counting device manufacturing	33	0400000US27	2.8	0.0	0.0
20630	27	27	0	Minnesota	334515	Instrument manufacturing for measuring and testing electricity and electrical systems	33	0400000US27	15.777777777777779	558.3333333333334	37165.77777777778
20631	27	27	0	Minnesota	334516	Analytical laboratory instrument manufacturing	33	0400000US27	16.77777777777778	1751.111111111111	142417.0
20632	27	27	0	Minnesota	334517	Irradiation apparatus manufacturing	33	0400000US27	3.4	12.2	1812.0
20633	27	27	0	Minnesota	334519	Other measuring and controlling device manufacturing	33	0400000US27	18.333333333333332	1829.5555555555557	169321.22222222222
20634	27	27	0	Minnesota	334613	Blank magnetic and optical recording media manufacturing	33	0400000US27	1.8	0.0	0.0
20635	27	27	0	Minnesota	334614	Software and other prerecorded compact disc, tape, and record reproducing	33	0400000US27	8.444444444444445	190.0	9618.777777777777
20636	27	27	0	Minnesota	335121	Residential electric lighting fixture manufacturing	33	0400000US27	1.6666666666666667	0.0	0.0
20637	27	27	0	Minnesota	335122	Commercial, industrial, and institutional electric lighting fixture manufacturing	33	0400000US27	8.333333333333334	337.22222222222223	18130.11111111111
20638	27	27	0	Minnesota	335129	Other lighting equipment manufacturing	33	0400000US27	3.5555555555555554	0.0	0.0
20639	27	27	0	Minnesota	335210	Small electrical appliance manufacturing	33	0400000US27	1.0	0.0	0.0
20640	27	27	0	Minnesota	335222	Household refrigerator and home freezer manufacturing	33	0400000US27	1.2	0.0	0.0
20641	27	27	0	Minnesota	335228	Other major household appliance manufacturing	33	0400000US27	1.4	0.0	0.0
20642	27	27	0	Minnesota	335311	Power, distribution, and specialty transformer manufacturing	33	0400000US27	8.0	161.44444444444446	7127.222222222223
20643	27	27	0	Minnesota	335312	Motor and generator manufacturing	33	0400000US27	13.11111111111111	2981.4444444444443	185654.55555555556
20644	27	27	0	Minnesota	335313	Switchgear and switchboard apparatus manufacturing	33	0400000US27	14.555555555555555	684.4444444444445	39921.77777777778
20645	27	27	0	Minnesota	335314	Relay and industrial control manufacturing	33	0400000US27	29.11111111111111	1231.5555555555557	80693.66666666667
20646	27	27	0	Minnesota	335911	Storage battery manufacturing	33	0400000US27	2.0	0.0	0.0
20647	27	27	0	Minnesota	335912	Primary battery manufacturing	33	0400000US27	1.0	0.0	0.0
20648	27	27	0	Minnesota	335929	Other communication and energy wire manufacturing	33	0400000US27	4.111111111111111	212.66666666666666	8689.111111111111
20649	27	27	0	Minnesota	335931	Current-carrying wiring device manufacturing	33	0400000US27	10.777777777777779	1016.2222222222222	56243.11111111111
20650	27	27	0	Minnesota	335932	Noncurrent-carrying wiring device manufacturing	33	0400000US27	1.2	0.0	0.0
20651	27	27	0	Minnesota	335991	Carbon and graphite product manufacturing	33	0400000US27	1.4	0.0	0.0
20652	27	27	0	Minnesota	335999	All other miscellaneous electrical equipment and component manufacturing	33	0400000US27	24.555555555555557	413.77777777777777	24772.777777777777
20653	27	27	0	Minnesota	336111	Automobile manufacturing	33	0400000US27	1.2	0.0	0.0
20654	27	27	0	Minnesota	336112	Light truck and utility vehicle manufacturing	33	0400000US27	1.0	0.0	0.0
20655	27	27	0	Minnesota	336120	Heavy duty truck manufacturing	33	0400000US27	3.7777777777777777	0.0	0.0
20656	27	27	0	Minnesota	336211	Motor vehicle body manufacturing	33	0400000US27	17.555555555555557	1738.0	83692.55555555556
20657	27	27	0	Minnesota	336212	Truck trailer manufacturing	33	0400000US27	9.777777777777779	1022.2222222222222	49320.22222222222
20658	27	27	0	Minnesota	336213	Motor home manufacturing	33	0400000US27	1.0	0.0	0.0
20659	27	27	0	Minnesota	336214	Travel trailer and camper manufacturing	33	0400000US27	14.444444444444445	207.11111111111111	7066.777777777777
20660	27	27	0	Minnesota	336310	Motor vehicle gasoline engine and engine parts manufacturing	33	0400000US27	16.555555555555557	57.0	2877.8888888888887
20661	27	27	0	Minnesota	336320	Motor vehicle electrical and electronic equipment manufacturing	33	0400000US27	8.222222222222221	432.3333333333333	27266.666666666668
20662	27	27	0	Minnesota	336330	Motor vehicle steering and suspension components (except spring) manufacturing	33	0400000US27	5.111111111111111	130.55555555555554	7273.333333333333
20663	27	27	0	Minnesota	336340	Motor vehicle brake system manufacturing	33	0400000US27	2.2	0.0	0.0
20664	27	27	0	Minnesota	336350	Motor vehicle transmission and power train parts manufacturing	33	0400000US27	6.666666666666667	471.44444444444446	25208.555555555555
20665	27	27	0	Minnesota	336360	Motor vehicle seating and interior trim manufacturing	33	0400000US27	3.2222222222222223	35.55555555555556	1530.111111111111
20666	27	27	0	Minnesota	336370	Motor vehicle metal stamping	33	0400000US27	4.777777777777778	93.55555555555556	3183.0
20667	27	27	0	Minnesota	336390	Other motor vehicle parts manufacturing	33	0400000US27	19.22222222222222	507.77777777777777	27323.11111111111
20668	27	27	0	Minnesota	336411	Aircraft manufacturing	33	0400000US27	5.777777777777778	111.11111111111111	6352.444444444444
20669	27	27	0	Minnesota	336412	Aircraft engine and engine parts manufacturing	33	0400000US27	4.888888888888889	129.77777777777777	7081.555555555556
20670	27	27	0	Minnesota	336413	Other aircraft parts and auxiliary equipment manufacturing	33	0400000US27	17.77777777777778	408.3333333333333	22563.222222222223
20671	27	27	0	Minnesota	336419	Other guided missile and space vehicle parts and auxiliary equipment manufacturing	33	0400000US27	1.0	0.0	0.0
20672	27	27	0	Minnesota	336510	Railroad rolling stock manufacturing	33	0400000US27	4.777777777777778	72.22222222222223	4583.444444444444
20673	27	27	0	Minnesota	336611	Ship building and repairing	33	0400000US27	2.0	0.0	0.0
20674	27	27	0	Minnesota	336612	Boat building	33	0400000US27	11.444444444444445	1257.0	47776.77777777778
20675	27	27	0	Minnesota	336991	Motorcycle, bicycle, and parts manufacturing	33	0400000US27	9.333333333333334	96.22222222222223	4047.777777777778
20676	27	27	0	Minnesota	336992	Military armored vehicle, tank, and tank component manufacturing	33	0400000US27	1.0	0.0	0.0
20677	27	27	0	Minnesota	336999	All other transportation equipment manufacturing	33	0400000US27	18.22222222222222	1524.2222222222222	60688.22222222222
20678	27	27	0	Minnesota	337110	Wood kitchen cabinet and countertop manufacturing	33	0400000US27	261.8888888888889	4152.0	161453.55555555556
20679	27	27	0	Minnesota	337121	Upholstered household furniture manufacturing	33	0400000US27	20.22222222222222	99.77777777777777	2988.0
20680	27	27	0	Minnesota	337122	Nonupholstered wood household furniture manufacturing	33	0400000US27	40.77777777777778	331.44444444444446	13585.555555555555
20681	27	27	0	Minnesota	337124	Metal household furniture manufacturing	33	0400000US27	4.444444444444445	157.22222222222223	6769.666666666667
20682	27	27	0	Minnesota	337125	Household furniture (except wood and metal) manufacturing	33	0400000US27	4.333333333333333	0.0	0.0
20683	27	27	0	Minnesota	337127	Institutional furniture manufacturing	33	0400000US27	14.0	838.8888888888889	39395.0
20684	27	27	0	Minnesota	337211	Wood office furniture manufacturing	33	0400000US27	11.555555555555555	346.6666666666667	13036.666666666666
20685	27	27	0	Minnesota	337212	Custom architectural woodwork and millwork manufacturing	33	0400000US27	43.0	875.4444444444445	44923.0
20686	27	27	0	Minnesota	337214	Office furniture (except wood) manufacturing	33	0400000US27	5.444444444444445	232.77777777777777	12869.555555555555
20687	27	27	0	Minnesota	337215	Showcase, partition, shelving, and locker manufacturing	33	0400000US27	28.333333333333332	650.7777777777778	34342.22222222222
20688	27	27	0	Minnesota	337910	Mattress manufacturing	33	0400000US27	8.11111111111111	215.44444444444446	9135.0
20689	27	27	0	Minnesota	339112	Surgical and medical instrument manufacturing	33	0400000US27	76.77777777777777	8735.888888888889	612906.7777777778
20690	27	27	0	Minnesota	339113	Surgical appliance and supplies manufacturing	33	0400000US27	69.11111111111111	3500.0	298926.55555555556
20691	27	27	0	Minnesota	339114	Dental equipment and supplies manufacturing	33	0400000US27	11.88888888888889	76.0	2645.777777777778
20692	27	27	0	Minnesota	339115	Ophthalmic goods manufacturing	33	0400000US27	18.555555555555557	1260.888888888889	58782.666666666664
20693	27	27	0	Minnesota	339116	Dental laboratories	33	0400000US27	107.55555555555556	1025.4444444444443	46201.22222222222
20694	27	27	0	Minnesota	339910	Jewelry and silverware manufacturing	33	0400000US27	32.0	284.6666666666667	13067.222222222223
20695	27	27	0	Minnesota	339920	Sporting and athletic goods manufacturing	33	0400000US27	57.55555555555556	1608.5555555555557	80052.66666666667
20696	27	27	0	Minnesota	339930	Doll, toy, and game manufacturing	33	0400000US27	14.777777777777779	51.0	2137.4444444444443
20697	27	27	0	Minnesota	339940	Office supplies (except paper) manufacturing	33	0400000US27	10.0	178.22222222222223	6533.888888888889
20698	27	27	0	Minnesota	339950	Sign manufacturing	33	0400000US27	121.66666666666667	2080.0	109585.77777777778
20699	27	27	0	Minnesota	339991	Gasket, packing, and sealing device manufacturing	33	0400000US27	14.222222222222221	1269.6666666666667	82692.55555555556
20700	27	27	0	Minnesota	339992	Musical instrument manufacturing	33	0400000US27	13.444444444444445	383.3333333333333	20337.0
20701	27	27	0	Minnesota	339993	Fastener, button, needle, and pin manufacturing	33	0400000US27	1.8	0.0	0.0
20702	27	27	0	Minnesota	339994	Broom, brush, and mop manufacturing	33	0400000US27	1.0	0.0	0.0
20703	27	27	0	Minnesota	339995	Burial casket manufacturing	33	0400000US27	2.888888888888889	7.111111111111111	209.77777777777777
20704	27	27	0	Minnesota	339999	All other miscellaneous manufacturing	33	0400000US27	200.44444444444446	1177.111111111111	54208.77777777778
20705	27	27	0	Minnesota	423110	Automobile and other motor vehicle merchant wholesalers	42	0400000US27	129.0	3656.5555555555557	305582.44444444444
20706	27	27	0	Minnesota	423120	Motor vehicle supplies and new parts merchant wholesalers	42	0400000US27	225.22222222222223	3452.1111111111113	168644.77777777778
20707	27	27	0	Minnesota	423130	Tire and tube merchant wholesalers	42	0400000US27	39.0	525.1111111111111	33519.11111111111
20708	27	27	0	Minnesota	423140	Motor vehicle parts (used) merchant wholesalers	42	0400000US27	26.555555555555557	290.55555555555554	10868.777777777777
20709	27	27	0	Minnesota	423210	Furniture merchant wholesalers	42	0400000US27	110.88888888888889	1560.888888888889	106461.88888888889
20710	27	27	0	Minnesota	423220	Home furnishing merchant wholesalers	42	0400000US27	102.0	1291.888888888889	90078.55555555556
20711	27	27	0	Minnesota	423310	Lumber, plywood, millwork, and wood panel merchant wholesalers	42	0400000US27	131.22222222222223	3294.0	230867.22222222222
20712	27	27	0	Minnesota	423320	Brick, stone, and related construction material merchant wholesalers	42	0400000US27	44.22222222222222	391.8888888888889	32906.0
20713	27	27	0	Minnesota	423330	Roofing, siding, and insulation material merchant wholesalers	42	0400000US27	66.77777777777777	1040.2222222222222	75450.88888888889
20714	27	27	0	Minnesota	423390	Other construction material merchant wholesalers	42	0400000US27	66.55555555555556	942.1111111111111	63631.77777777778
20715	27	27	0	Minnesota	423410	Photographic equipment and supplies merchant wholesalers	42	0400000US27	11.11111111111111	136.33333333333334	10249.777777777777
20716	27	27	0	Minnesota	423420	Office equipment merchant wholesalers	42	0400000US27	169.88888888888889	2819.0	179239.22222222222
20717	27	27	0	Minnesota	423430	Computer and computer peripheral equipment and software merchant wholesalers	42	0400000US27	231.0	5250.222222222223	553174.6666666666
20718	27	27	0	Minnesota	423440	Other commercial equipment merchant wholesalers	42	0400000US27	62.77777777777778	997.5555555555555	62563.11111111111
20719	27	27	0	Minnesota	423450	Medical, dental, and hospital equipment and supplies merchant wholesalers	42	0400000US27	182.88888888888889	11470.333333333334	1822863.2222222222
20720	27	27	0	Minnesota	423460	Ophthalmic goods merchant wholesalers	42	0400000US27	16.88888888888889	415.3333333333333	17307.0
20721	27	27	0	Minnesota	423490	Other professional equipment and supplies merchant wholesalers	42	0400000US27	41.22222222222222	433.3333333333333	25983.333333333332
20722	27	27	0	Minnesota	423510	Metal service centers and other metal merchant wholesalers	42	0400000US27	130.22222222222223	2621.0	153992.77777777778
20723	27	27	0	Minnesota	423520	Coal and other mineral and ore merchant wholesalers	42	0400000US27	9.444444444444445	49.55555555555556	5430.0
20724	27	27	0	Minnesota	423610	Electrical apparatus and equipment, wiring supplies, and related equipment merchant wholesalers	42	0400000US27	234.88888888888889	4109.555555555556	318726.8888888889
20725	27	27	0	Minnesota	423620	Household appliances, electric housewares, and consumer electronics merchant wholesalers	42	0400000US27	42.4	535.2	36904.6
20726	27	27	0	Minnesota	423620	Household appliances, electric housewares, and consumer electronics merchant wholesalers 	42	0400000US27	37.0	691.0	50696.0
20727	27	27	0	Minnesota	423690	Other electronic parts and equipment merchant wholesalers	42	0400000US27	213.77777777777777	6559.555555555556	491786.44444444444
20728	27	27	0	Minnesota	423710	Hardware merchant wholesalers	42	0400000US27	118.33333333333333	1866.2222222222222	104677.33333333333
20729	27	27	0	Minnesota	423720	Plumbing and heating equipment and supplies (hydronics) merchant wholesalers	42	0400000US27	107.22222222222223	1779.888888888889	106194.77777777778
20730	27	27	0	Minnesota	423730	Warm air heating and air-conditioning equipment and supplies merchant wholesalers	42	0400000US27	72.0	1029.7777777777778	86782.22222222222
20731	27	27	0	Minnesota	423740	Refrigeration equipment and supplies merchant wholesalers	42	0400000US27	13.444444444444445	184.11111111111111	11513.555555555555
20732	27	27	0	Minnesota	423810	Construction and mining (except oil well) machinery and equipment merchant wholesalers	42	0400000US27	105.0	1729.3333333333333	124932.66666666667
20733	27	27	0	Minnesota	423820	Farm and garden machinery and equipment merchant wholesalers	42	0400000US27	325.44444444444446	5463.444444444444	354976.44444444444
20734	27	27	0	Minnesota	423830	Industrial machinery and equipment merchant wholesalers	42	0400000US27	542.0	7739.666666666667	587746.4444444445
20735	27	27	0	Minnesota	423840	Industrial supplies merchant wholesalers	42	0400000US27	157.44444444444446	1948.111111111111	139317.44444444444
20736	27	27	0	Minnesota	423850	Service establishment equipment and supplies merchant wholesalers	42	0400000US27	82.22222222222223	1006.6666666666666	69116.55555555556
20737	27	27	0	Minnesota	423860	Transportation equipment and supplies (except motor vehicle) merchant wholesalers	42	0400000US27	22.666666666666668	277.1111111111111	19596.777777777777
20738	27	27	0	Minnesota	423910	Sporting and recreational goods and supplies merchant wholesalers	42	0400000US27	133.55555555555554	1992.111111111111	113249.11111111111
20739	27	27	0	Minnesota	423920	Toy and hobby goods and supplies merchant wholesalers	42	0400000US27	24.77777777777778	245.33333333333334	21583.444444444445
20740	27	27	0	Minnesota	423930	Recyclable material merchant wholesalers	42	0400000US27	142.11111111111111	1515.2222222222222	72758.33333333333
20741	27	27	0	Minnesota	423940	Jewelry, watch, precious stone, and precious metal merchant wholesalers	42	0400000US27	50.55555555555556	278.55555555555554	14416.444444444445
20742	27	27	0	Minnesota	423990	Other miscellaneous durable goods merchant wholesalers	42	0400000US27	195.44444444444446	1410.7777777777778	79780.22222222222
20743	27	27	0	Minnesota	424110	Printing and writing paper merchant wholesalers	42	0400000US27	21.555555555555557	323.77777777777777	21748.333333333332
20744	27	27	0	Minnesota	424120	Stationery and office supplies merchant wholesalers	42	0400000US27	134.0	2201.8888888888887	122372.66666666667
20745	27	27	0	Minnesota	424130	Industrial and personal service paper merchant wholesalers	42	0400000US27	83.11111111111111	1172.3333333333333	80603.33333333333
20746	27	27	0	Minnesota	424210	Drugs and druggists' sundries merchant wholesalers	42	0400000US27	132.0	2417.6666666666665	243523.0
20747	27	27	0	Minnesota	424310	Piece goods, notions, and other dry goods merchant wholesalers	42	0400000US27	29.444444444444443	169.0	7258.666666666667
20748	27	27	0	Minnesota	424320	Men's and boys' clothing and furnishings merchant wholesalers	42	0400000US27	45.77777777777778	693.7777777777778	29109.777777777777
20749	27	27	0	Minnesota	424330	Women's, children's, and infants' clothing and accessories merchant wholesalers	42	0400000US27	44.22222222222222	519.2222222222222	34428.444444444445
20750	27	27	0	Minnesota	424340	Footwear merchant wholesalers	42	0400000US27	11.777777777777779	101.88888888888889	6748.666666666667
20751	27	27	0	Minnesota	424410	General line grocery merchant wholesalers	42	0400000US27	39.22222222222222	3152.3333333333335	200943.44444444444
20752	27	27	0	Minnesota	424420	Packaged frozen food merchant wholesalers	42	0400000US27	68.22222222222223	1707.6666666666667	112153.88888888889
20753	27	27	0	Minnesota	424430	Dairy product (except dried or canned) merchant wholesalers	42	0400000US27	47.22222222222222	819.1111111111111	52039.666666666664
20754	27	27	0	Minnesota	424440	Poultry and poultry product merchant wholesalers	42	0400000US27	5.222222222222222	77.88888888888889	5084.111111111111
20755	27	27	0	Minnesota	424450	Confectionery merchant wholesalers	42	0400000US27	64.66666666666667	877.1111111111111	49610.77777777778
20756	27	27	0	Minnesota	424460	Fish and seafood merchant wholesalers	42	0400000US27	8.222222222222221	91.33333333333333	5179.0
20757	27	27	0	Minnesota	424470	Meat and meat product merchant wholesalers	42	0400000US27	34.22222222222222	1071.0	66714.66666666667
20758	27	27	0	Minnesota	424480	Fresh fruit and vegetable merchant wholesalers	42	0400000US27	49.55555555555556	2187.5555555555557	107590.0
20759	27	27	0	Minnesota	424490	Other grocery and related products merchant wholesalers	42	0400000US27	229.11111111111111	5443.333333333333	280618.6666666667
20760	27	27	0	Minnesota	424510	Grain and field bean merchant wholesalers	42	0400000US27	285.3333333333333	3584.777777777778	228462.77777777778
20761	27	27	0	Minnesota	424520	Livestock merchant wholesalers	42	0400000US27	33.44444444444444	229.66666666666666	11134.555555555555
20762	27	27	0	Minnesota	424590	Other farm product raw material merchant wholesalers	42	0400000US27	13.333333333333334	82.55555555555556	6462.888888888889
20763	27	27	0	Minnesota	424610	Plastics materials and basic forms and shapes merchant wholesalers	42	0400000US27	69.0	805.1111111111111	59900.77777777778
20764	27	27	0	Minnesota	424690	Other chemical and allied products merchant wholesalers	42	0400000US27	153.22222222222223	2317.0	186909.66666666666
20765	27	27	0	Minnesota	424710	Petroleum bulk stations and terminals	42	0400000US27	77.0	1393.4	73257.0
20766	27	27	0	Minnesota	424710	Petroleum bulk stations and terminals 	42	0400000US27	73.0	1346.0	83393.0
20767	27	27	0	Minnesota	424720	Petroleum and petroleum products merchant wholesalers (except bulk stations and terminals)	42	0400000US27	36.8	430.0	22188.2
20768	27	27	0	Minnesota	424720	Petroleum and petroleum products merchant wholesalers (except bulk stations and terminals) 	42	0400000US27	47.0	914.0	65397.0
20769	27	27	0	Minnesota	424810	Beer and ale merchant wholesalers	42	0400000US27	42.111111111111114	1758.111111111111	93117.44444444444
20770	27	27	0	Minnesota	424820	Wine and distilled alcoholic beverage merchant wholesalers	42	0400000US27	34.111111111111114	1344.7777777777778	100569.55555555556
20771	27	27	0	Minnesota	424910	Farm supplies merchant wholesalers	42	0400000US27	318.6666666666667	4372.444444444444	323451.22222222225
20772	27	27	0	Minnesota	424920	Book, periodical, and newspaper merchant wholesalers	42	0400000US27	46.22222222222222	988.5555555555555	52219.333333333336
20773	27	27	0	Minnesota	424930	Flower, nursery stock, and florists' supplies merchant wholesalers	42	0400000US27	43.0	577.0	23932.666666666668
20774	27	27	0	Minnesota	424940	Tobacco and tobacco product merchant wholesalers	42	0400000US27	27.11111111111111	1336.888888888889	70249.11111111111
20775	27	27	0	Minnesota	424950	Paint, varnish, and supplies merchant wholesalers	42	0400000US27	27.666666666666668	642.6666666666666	59514.666666666664
20776	27	27	0	Minnesota	424990	Other miscellaneous nondurable goods merchant wholesalers	42	0400000US27	208.55555555555554	1546.6666666666667	90813.44444444444
20777	27	27	0	Minnesota	425110	Business to business electronic markets	42	0400000US27	15.11111111111111	79.33333333333333	5687.444444444444
20778	27	27	0	Minnesota	425120	Wholesale trade agents and brokers	42	0400000US27	1199.6666666666667	7226.222222222223	504413.8888888889
20779	27	27	0	Minnesota	441110	New car dealers	44	0400000US27	401.8888888888889	20269.222222222223	965671.7777777778
20780	27	27	0	Minnesota	441120	Used car dealers	44	0400000US27	371.22222222222223	1685.2222222222222	66449.66666666667
20781	27	27	0	Minnesota	441210	Recreational vehicle dealers	44	0400000US27	71.55555555555556	931.0	42787.333333333336
20782	27	27	0	Minnesota	441222	Boat dealers	44	0400000US27	143.22222222222223	1057.5555555555557	51878.555555555555
20783	27	27	0	Minnesota	441228	Motorcycle, ATV, and all other motor vehicle dealers	44	0400000US27	182.88888888888889	1768.6666666666667	69358.0
20784	27	27	0	Minnesota	441310	Automotive parts and accessories stores	44	0400000US27	746.6666666666666	6485.333333333333	170866.0
20785	27	27	0	Minnesota	441320	Tire dealers	44	0400000US27	319.77777777777777	2887.222222222222	110678.44444444444
20786	27	27	0	Minnesota	442110	Furniture stores	44	0400000US27	370.55555555555554	4336.222222222223	141282.33333333334
20787	27	27	0	Minnesota	442210	Floor covering stores	44	0400000US27	230.77777777777777	1167.4444444444443	50353.22222222222
20788	27	27	0	Minnesota	442291	Window treatment stores	44	0400000US27	23.444444444444443	98.77777777777777	3618.4444444444443
20789	27	27	0	Minnesota	442299	All other home furnishings stores	44	0400000US27	252.88888888888889	2623.0	49738.444444444445
20790	27	27	0	Minnesota	443141	Household appliance stores	44	0400000US27	205.44444444444446	1361.6666666666667	45848.444444444445
20791	27	27	0	Minnesota	443142	Electronics stores	44	0400000US27	479.0	5701.222222222223	166081.33333333334
20792	27	27	0	Minnesota	444110	Home centers	44	0400000US27	126.55555555555556	12457.555555555555	312096.6666666667
20793	27	27	0	Minnesota	444120	Paint and wallpaper stores	44	0400000US27	115.0	656.1111111111111	22447.11111111111
20794	27	27	0	Minnesota	444130	Hardware stores	44	0400000US27	470.0	4420.777777777777	98610.33333333333
20795	27	27	0	Minnesota	444190	Other building material dealers	44	0400000US27	628.5555555555555	5096.444444444444	236505.66666666666
20796	27	27	0	Minnesota	444210	Outdoor power equipment stores	44	0400000US27	76.33333333333333	468.6666666666667	18246.555555555555
20797	27	27	0	Minnesota	444220	Nursery, garden center, and farm supply stores	44	0400000US27	305.55555555555554	2747.8888888888887	95538.77777777778
20798	27	27	0	Minnesota	445110	Supermarkets and other grocery (except convenience) stores	44	0400000US27	967.4444444444445	44737.555555555555	974241.4444444445
20799	27	27	0	Minnesota	445120	Convenience stores	44	0400000US27	164.33333333333334	511.44444444444446	7954.444444444444
20800	27	27	0	Minnesota	445210	Meat markets	44	0400000US27	159.66666666666666	1235.4444444444443	28524.777777777777
20801	27	27	0	Minnesota	445220	Fish and seafood markets	44	0400000US27	5.222222222222222	24.666666666666668	933.5555555555555
20802	27	27	0	Minnesota	445230	Fruit and vegetable markets	44	0400000US27	14.333333333333334	170.33333333333334	2695.6666666666665
20803	27	27	0	Minnesota	445291	Baked goods stores	44	0400000US27	55.77777777777778	567.7777777777778	11008.555555555555
20804	27	27	0	Minnesota	445292	Confectionery and nut stores	44	0400000US27	48.666666666666664	357.44444444444446	5730.111111111111
20805	27	27	0	Minnesota	445299	All other specialty food stores	44	0400000US27	159.77777777777777	1664.3333333333333	18751.666666666668
20806	27	27	0	Minnesota	445310	Beer, wine, and liquor stores	44	0400000US27	910.8888888888889	7051.444444444444	132109.0
20807	27	27	0	Minnesota	446110	Pharmacies and drug stores	44	0400000US27	594.0	9955.444444444445	369851.3333333333
20808	27	27	0	Minnesota	446120	Cosmetics, beauty supplies, and perfume stores	44	0400000US27	189.44444444444446	2141.0	36499.88888888889
20809	27	27	0	Minnesota	446130	Optical goods stores	44	0400000US27	259.6666666666667	1589.0	53371.77777777778
20810	27	27	0	Minnesota	446191	Food (health) supplement stores	44	0400000US27	142.44444444444446	396.77777777777777	10389.333333333334
20811	27	27	0	Minnesota	446199	All other health and personal care stores	44	0400000US27	191.22222222222223	1470.4444444444443	67010.11111111111
20812	27	27	0	Minnesota	447110	Gasoline stations with convenience stores	44	0400000US27	1881.888888888889	22645.777777777777	411279.77777777775
20813	27	27	0	Minnesota	447190	Other gasoline stations	44	0400000US27	258.44444444444446	3106.0	73391.11111111111
20814	27	27	0	Minnesota	448110	Men's clothing stores	44	0400000US27	103.66666666666667	863.2222222222222	22842.666666666668
20815	27	27	0	Minnesota	448120	Women's clothing stores	44	0400000US27	620.8888888888889	6084.333333333333	85748.11111111111
20816	27	27	0	Minnesota	448130	Children's and infants' clothing stores	44	0400000US27	105.88888888888889	1169.0	14230.222222222223
20817	27	27	0	Minnesota	448140	Family clothing stores	44	0400000US27	392.55555555555554	8961.888888888889	136547.0
20818	27	27	0	Minnesota	448150	Clothing accessories stores	44	0400000US27	118.22222222222223	741.6666666666666	10934.888888888889
20819	27	27	0	Minnesota	448190	Other clothing stores	44	0400000US27	198.66666666666666	2303.222222222222	39648.11111111111
20820	27	27	0	Minnesota	448210	Shoe stores	44	0400000US27	368.0	3547.6666666666665	59912.666666666664
20821	27	27	0	Minnesota	448310	Jewelry stores	44	0400000US27	315.77777777777777	1932.4444444444443	66418.77777777778
20822	27	27	0	Minnesota	448320	Luggage and leather goods stores	44	0400000US27	15.222222222222221	129.11111111111111	4206.666666666667
20823	27	27	0	Minnesota	451110	Sporting goods stores	45	0400000US27	503.3333333333333	7058.666666666667	145950.11111111112
20824	27	27	0	Minnesota	451120	Hobby, toy, and game stores	45	0400000US27	173.11111111111111	2510.4444444444443	37991.666666666664
20825	27	27	0	Minnesota	451130	Sewing, needlework, and piece goods stores	45	0400000US27	127.33333333333333	1335.111111111111	15704.888888888889
20826	27	27	0	Minnesota	451140	Musical instrument and supplies stores	45	0400000US27	73.0	632.7777777777778	16893.333333333332
20827	27	27	0	Minnesota	451211	Book stores	45	0400000US27	96.0	1076.6666666666667	16836.11111111111
20828	27	27	0	Minnesota	451212	News dealers and newsstands	45	0400000US27	3.7777777777777777	10.555555555555555	227.77777777777777
20829	27	27	0	Minnesota	452111	Department stores (except discount department stores)	45	0400000US27	60.6	8316.2	143549.0
20830	27	27	0	Minnesota	452112	Discount department stores	45	0400000US27	119.6	14757.2	269627.8
20831	27	27	0	Minnesota	452210	Department stores	45	0400000US27	104.0	10569.0	188022.0
20832	27	27	0	Minnesota	452311	Warehouse clubs and supercenters	45	0400000US27	177.0	38273.0	980628.0
20833	27	27	0	Minnesota	452319	All other general merchandise stores	45	0400000US27	534.0	8397.0	149355.0
20834	27	27	0	Minnesota	452910	Warehouse clubs and supercenters	45	0400000US27	107.0	12252.2	310618.4
20835	27	27	0	Minnesota	452990	All other general merchandise stores	45	0400000US27	483.2	7074.2	128332.6
20836	27	27	0	Minnesota	453110	Florists	45	0400000US27	286.3333333333333	1347.3333333333333	21026.777777777777
20837	27	27	0	Minnesota	453210	Office supplies and stationery stores	45	0400000US27	96.66666666666667	784.2222222222222	21329.88888888889
20838	27	27	0	Minnesota	453220	Gift, novelty, and souvenir stores	45	0400000US27	390.44444444444446	2828.777777777778	47638.444444444445
20839	27	27	0	Minnesota	453310	Used merchandise stores	45	0400000US27	394.6666666666667	4939.333333333333	81706.55555555556
20840	27	27	0	Minnesota	453910	Pet and pet supplies stores	45	0400000US27	143.66666666666666	1825.5555555555557	36315.666666666664
20841	27	27	0	Minnesota	453920	Art dealers	45	0400000US27	67.77777777777777	230.33333333333334	5212.888888888889
20842	27	27	0	Minnesota	453930	Manufactured (mobile) home dealers	45	0400000US27	28.555555555555557	133.44444444444446	4909.444444444444
20843	27	27	0	Minnesota	453991	Tobacco stores	45	0400000US27	172.11111111111111	566.5555555555555	10605.777777777777
20844	27	27	0	Minnesota	453998	All other miscellaneous store retailers (except tobacco stores)	45	0400000US27	338.6666666666667	1544.111111111111	43497.444444444445
20845	27	27	0	Minnesota	454110	Electronic shopping and mail-order houses	45	0400000US27	726.0	9550.0	595578.0
20846	27	27	0	Minnesota	454111	Electronic shopping	45	0400000US27	474.0	4514.6	249893.0
20847	27	27	0	Minnesota	454112	Electronic auctions	45	0400000US27	16.2	40.6	1519.4
20848	27	27	0	Minnesota	454113	Mail-order houses	45	0400000US27	150.8	5886.2	367343.4
20849	27	27	0	Minnesota	454210	Vending machine operators	45	0400000US27	83.88888888888889	637.6666666666666	23635.555555555555
20850	27	27	0	Minnesota	454310	Fuel dealers	45	0400000US27	176.88888888888889	972.0	41136.88888888889
20851	27	27	0	Minnesota	454390	Other direct selling establishments	45	0400000US27	573.5555555555555	2713.777777777778	108078.22222222222
20852	27	27	0	Minnesota	481111	Scheduled passenger air transportation	48	0400000US27	22.555555555555557	6124.333333333333	519772.44444444444
20853	27	27	0	Minnesota	481112	Scheduled freight air transportation	48	0400000US27	2.6	0.0	0.0
20854	27	27	0	Minnesota	481211	Nonscheduled chartered passenger air transportation	48	0400000US27	15.666666666666666	155.33333333333334	13310.0
20855	27	27	0	Minnesota	481212	Nonscheduled chartered freight air transportation	48	0400000US27	2.7777777777777777	40.111111111111114	1768.7777777777778
20856	27	27	0	Minnesota	481219	Other nonscheduled air transportation	48	0400000US27	10.88888888888889	21.11111111111111	2086.6666666666665
20857	27	27	0	Minnesota	483111	Deep sea freight transportation	48	0400000US27	2.0	0.0	0.0
20858	27	27	0	Minnesota	483112	Deep sea passenger transportation	48	0400000US27	1.0	0.0	0.0
20859	27	27	0	Minnesota	483113	Coastal and great lakes freight transportation	48	0400000US27	3.4444444444444446	0.0	0.0
20860	27	27	0	Minnesota	483114	Coastal and great lakes passenger transportation	48	0400000US27	1.0	0.0	0.0
20861	27	27	0	Minnesota	483211	Inland water freight transportation	48	0400000US27	3.5555555555555554	9.333333333333334	519.6666666666666
20862	27	27	0	Minnesota	483212	Inland water passenger transportation	48	0400000US27	1.0	0.0	0.0
20863	27	27	0	Minnesota	484110	General freight trucking, local	48	0400000US27	721.6666666666666	3824.6666666666665	166092.77777777778
20864	27	27	0	Minnesota	484121	General freight trucking, long-distance, truckload	48	0400000US27	925.4444444444445	11481.666666666666	552690.0
20865	27	27	0	Minnesota	484122	General freight trucking, long-distance, less than truckload	48	0400000US27	135.77777777777777	3832.4444444444443	212027.22222222222
20866	27	27	0	Minnesota	484210	Used household and office goods moving	48	0400000US27	112.22222222222223	1371.7777777777778	53732.333333333336
20867	27	27	0	Minnesota	484220	Specialized freight (except used goods) trucking, local	48	0400000US27	802.6666666666666	3793.222222222222	179865.55555555556
20868	27	27	0	Minnesota	484230	Specialized freight (except used goods) trucking, long-distance	48	0400000US27	237.88888888888889	2682.3333333333335	136329.88888888888
20869	27	27	0	Minnesota	485113	Bus and other motor vehicle transit systems	48	0400000US27	19.333333333333332	833.8888888888889	27324.222222222223
20870	27	27	0	Minnesota	485119	Other urban transit systems	48	0400000US27	2.0	0.0	0.0
20871	27	27	0	Minnesota	485210	Interurban and rural bus transportation	48	0400000US27	15.0	296.6666666666667	8494.222222222223
20872	27	27	0	Minnesota	485310	Taxi service	48	0400000US27	41.888888888888886	616.0	12259.555555555555
20873	27	27	0	Minnesota	485320	Limousine service	48	0400000US27	57.55555555555556	548.5555555555555	12565.555555555555
20874	27	27	0	Minnesota	485410	School and employee bus transportation	48	0400000US27	227.88888888888889	10615.888888888889	205195.44444444444
20875	27	27	0	Minnesota	485510	Charter bus industry	48	0400000US27	36.22222222222222	939.7777777777778	20811.88888888889
20876	27	27	0	Minnesota	485991	Special needs transportation	48	0400000US27	79.33333333333333	1743.6666666666667	43707.22222222222
20877	27	27	0	Minnesota	485999	All other transit and ground passenger transportation	48	0400000US27	29.333333333333332	402.1111111111111	7960.888888888889
20878	27	27	0	Minnesota	486110	Pipeline transportation of crude oil	48	0400000US27	18.444444444444443	105.33333333333333	11663.333333333334
20879	27	27	0	Minnesota	486210	Pipeline transportation of natural gas	48	0400000US27	29.444444444444443	228.77777777777777	22526.0
20880	27	27	0	Minnesota	486910	Pipeline transportation of refined petroleum products	48	0400000US27	19.333333333333332	118.0	13201.111111111111
20881	27	27	0	Minnesota	487110	Scenic and sightseeing transportation, land	48	0400000US27	6.777777777777778	17.444444444444443	344.55555555555554
20882	27	27	0	Minnesota	487210	Scenic and sightseeing transportation, water	48	0400000US27	14.444444444444445	98.55555555555556	4858.111111111111
20883	27	27	0	Minnesota	487990	Scenic and sightseeing transportation, other	48	0400000US27	3.5555555555555554	1.4444444444444444	92.11111111111111
20884	27	27	0	Minnesota	488111	Air traffic control	48	0400000US27	2.8	0.0	0.0
20885	27	27	0	Minnesota	488119	Other airport operations	48	0400000US27	36.111111111111114	681.0	23295.88888888889
20886	27	27	0	Minnesota	488190	Other support activities for air transportation	48	0400000US27	53.44444444444444	782.1111111111111	32728.88888888889
20887	27	27	0	Minnesota	488210	Support activities for rail transportation	48	0400000US27	25.333333333333332	345.77777777777777	17312.0
20888	27	27	0	Minnesota	488310	Port and harbor operations	48	0400000US27	6.888888888888889	19.555555555555557	880.4444444444445
20889	27	27	0	Minnesota	488320	Marine cargo handling	48	0400000US27	3.2	10.6	401.0
20890	27	27	0	Minnesota	488330	Navigational services to shipping	48	0400000US27	6.333333333333333	39.111111111111114	2298.222222222222
20891	27	27	0	Minnesota	488390	Other support activities for water transportation	48	0400000US27	5.111111111111111	3.111111111111111	360.3333333333333
20892	27	27	0	Minnesota	488410	Motor vehicle towing	48	0400000US27	122.88888888888889	1031.0	35066.22222222222
20893	27	27	0	Minnesota	488490	Other support activities for road transportation	48	0400000US27	51.0	346.0	8960.555555555555
20894	27	27	0	Minnesota	488510	Freight transportation arrangement	48	0400000US27	323.44444444444446	4030.1111111111113	249069.22222222222
20895	27	27	0	Minnesota	488991	Packing and crating	48	0400000US27	20.444444444444443	224.11111111111111	7746.555555555556
20896	27	27	0	Minnesota	488999	All other support activities for transportation	48	0400000US27	7.875	36.375	1529.5
20897	27	27	0	Minnesota	492110	Couriers and express delivery services	49	0400000US27	170.55555555555554	9428.555555555555	399630.77777777775
20898	27	27	0	Minnesota	492210	Local messengers and local delivery	49	0400000US27	76.44444444444444	1218.2222222222222	48024.555555555555
20899	27	27	0	Minnesota	493110	General warehousing and storage	49	0400000US27	144.0	7620.666666666667	313306.44444444444
20900	27	27	0	Minnesota	493120	Refrigerated warehousing and storage	49	0400000US27	23.11111111111111	619.5555555555555	26945.88888888889
20901	27	27	0	Minnesota	493130	Farm product warehousing and storage	49	0400000US27	18.22222222222222	124.0	6112.888888888889
20902	27	27	0	Minnesota	493190	Other warehousing and storage	49	0400000US27	38.22222222222222	744.2222222222222	36528.333333333336
20903	27	27	0	Minnesota	511110	Newspaper publishers	51	0400000US27	239.66666666666666	4862.444444444444	187377.11111111112
20904	27	27	0	Minnesota	511120	Periodical publishers	51	0400000US27	97.11111111111111	1518.6666666666667	92914.77777777778
20905	27	27	0	Minnesota	511130	Book publishers	51	0400000US27	80.22222222222223	5759.888888888889	514762.22222222225
20906	27	27	0	Minnesota	511140	Directory and mailing list publishers	51	0400000US27	18.22222222222222	258.3333333333333	13535.666666666666
20907	27	27	0	Minnesota	511191	Greeting card publishers	51	0400000US27	3.6666666666666665	6.222222222222222	586.8888888888889
20908	27	27	0	Minnesota	511199	All other publishers	51	0400000US27	25.444444444444443	295.1111111111111	17498.777777777777
20909	27	27	0	Minnesota	511210	Software publishers	51	0400000US27	229.22222222222223	10158.555555555555	1253806.111111111
20910	27	27	0	Minnesota	512110	Motion picture and video production	51	0400000US27	190.55555555555554	792.3333333333334	47934.444444444445
20911	27	27	0	Minnesota	512120	Motion picture and video distribution	51	0400000US27	3.0	12.444444444444445	664.8888888888889
20912	27	27	0	Minnesota	512131	Motion picture theaters (except drive-ins)	51	0400000US27	105.11111111111111	2561.1111111111113	24645.777777777777
20913	27	27	0	Minnesota	512132	Drive-in motion picture theaters	51	0400000US27	3.4444444444444446	0.6666666666666666	172.33333333333334
20914	27	27	0	Minnesota	512191	Teleproduction and other postproduction services	51	0400000US27	38.44444444444444	226.55555555555554	12076.0
20915	27	27	0	Minnesota	512199	Other motion picture and video industries	51	0400000US27	2.0	0.0	0.0
20916	27	27	0	Minnesota	512210	Record production	51	0400000US27	2.2	0.0	59.6
20917	27	27	0	Minnesota	512220	Integrated record production\/distribution	51	0400000US27	11.0	15.6	3315.2
20918	27	27	0	Minnesota	512230	Music publishers	51	0400000US27	7.111111111111111	0.0	0.0
20919	27	27	0	Minnesota	512240	Sound recording studios	51	0400000US27	24.333333333333332	51.666666666666664	2782.222222222222
20920	27	27	0	Minnesota	512250	Record production and distribution	51	0400000US27	12.0	33.0	2578.0
20921	27	27	0	Minnesota	512290	Other sound recording industries	51	0400000US27	7.555555555555555	37.22222222222222	3198.6666666666665
20922	27	27	0	Minnesota	515111	Radio networks	51	0400000US27	20.0	255.33333333333334	13707.0
20923	27	27	0	Minnesota	515112	Radio stations	51	0400000US27	119.77777777777777	2219.222222222222	113893.44444444444
20924	27	27	0	Minnesota	515120	Television broadcasting	51	0400000US27	32.77777777777778	1569.4444444444443	103643.55555555556
20925	27	27	0	Minnesota	515210	Cable and other subscription programming	51	0400000US27	9.88888888888889	86.44444444444444	7312.666666666667
20926	27	27	0	Minnesota	517110	Wired telecommunications carriers	51	0400000US27	601.0	12221.2	770746.2
20927	27	27	0	Minnesota	517210	Wireless telecommunications carriers (except satellite)	51	0400000US27	175.2	1321.0	126931.6
20928	27	27	0	Minnesota	517311	Wired telecommunications carriers	51	0400000US27	618.0	12433.0	799618.0
20929	27	27	0	Minnesota	517312	Wireless telecommunications carriers (except satellite)	51	0400000US27	292.0	3868.0	225567.0
20930	27	27	0	Minnesota	517410	Satellite telecommunications	51	0400000US27	4.555555555555555	14.11111111111111	806.6666666666666
20931	27	27	0	Minnesota	517911	Telecommunications resellers	51	0400000US27	61.666666666666664	206.11111111111111	12459.888888888889
20932	27	27	0	Minnesota	517919	All other telecommunications	51	0400000US27	42.22222222222222	354.77777777777777	32342.0
20933	27	27	0	Minnesota	518210	Data processing, hosting, and related services	51	0400000US27	286.22222222222223	9853.333333333334	897209.4444444445
20934	27	27	0	Minnesota	519110	News syndicates	51	0400000US27	7.0	47.333333333333336	3356.1111111111113
20935	27	27	0	Minnesota	519120	Libraries and archives	51	0400000US27	15.0	100.55555555555556	3725.8888888888887
20936	27	27	0	Minnesota	519130	Internet publishing and broadcasting and web search portals	51	0400000US27	108.77777777777777	1476.3333333333333	112907.0
20937	27	27	0	Minnesota	519190	All other information services	51	0400000US27	48.77777777777778	205.33333333333334	9289.222222222223
20938	27	27	0	Minnesota	521110	Monetary authorities - central bank	52	0400000US27	2.0	0.0	0.0
20939	27	27	0	Minnesota	522110	Commercial banking	52	0400000US27	1718.0	46464.88888888889	3460346.6666666665
20940	27	27	0	Minnesota	522120	Savings institutions	52	0400000US27	127.44444444444444	1448.6666666666667	80255.55555555556
20941	27	27	0	Minnesota	522130	Credit unions	52	0400000US27	348.3333333333333	4447.222222222223	220803.22222222222
20942	27	27	0	Minnesota	522190	Other depository credit intermediation	52	0400000US27	2.6666666666666665	15.666666666666666	746.6666666666666
20943	27	27	0	Minnesota	522210	Credit card issuing	52	0400000US27	8.88888888888889	0.0	0.0
20944	27	27	0	Minnesota	522220	Sales financing	52	0400000US27	83.0	1844.3333333333333	165328.88888888888
20945	27	27	0	Minnesota	522291	Consumer lending	52	0400000US27	40.0	576.4444444444445	33786.555555555555
20946	27	27	0	Minnesota	522292	Real estate credit	52	0400000US27	234.44444444444446	5688.666666666667	561280.3333333334
20947	27	27	0	Minnesota	522294	Secondary market financing	52	0400000US27	5.0	0.0	0.0
20948	27	27	0	Minnesota	522298	All other nondepository credit intermediation	52	0400000US27	118.88888888888889	1775.0	140541.55555555556
20949	27	27	0	Minnesota	522310	Mortgage and nonmortgage loan brokers	52	0400000US27	100.22222222222223	710.5555555555555	54674.0
20950	27	27	0	Minnesota	522320	Financial transactions processing, reserve, and clearinghouse activities	52	0400000US27	84.0	1280.888888888889	103398.33333333333
20951	27	27	0	Minnesota	522390	Other activities related to credit intermediation	52	0400000US27	110.22222222222223	2027.888888888889	114444.55555555556
20952	27	27	0	Minnesota	523110	Investment banking and securities dealing	52	0400000US27	61.666666666666664	2115.0	392233.0
20953	27	27	0	Minnesota	523120	Securities brokerage	52	0400000US27	764.6666666666666	6164.888888888889	893725.0
20954	27	27	0	Minnesota	523130	Commodity contracts dealing	52	0400000US27	15.444444444444445	168.0	33162.88888888889
20955	27	27	0	Minnesota	523140	Commodity contracts brokerage	52	0400000US27	41.333333333333336	179.11111111111111	21787.0
20956	27	27	0	Minnesota	523210	Securities and commodity exchanges	52	0400000US27	1.0	0.0	0.0
20957	27	27	0	Minnesota	523910	Miscellaneous intermediation	52	0400000US27	97.33333333333333	491.8888888888889	80108.88888888889
20958	27	27	0	Minnesota	523920	Portfolio management	52	0400000US27	782.7777777777778	6933.333333333333	1092528.7777777778
20959	27	27	0	Minnesota	523930	Investment advice	52	0400000US27	444.0	3385.8888888888887	299188.22222222225
20960	27	27	0	Minnesota	523991	Trust, fiduciary, and custody activities	52	0400000US27	39.333333333333336	494.1111111111111	29086.11111111111
20961	27	27	0	Minnesota	523999	Miscellaneous financial investment activities	52	0400000US27	41.666666666666664	141.77777777777777	20644.222222222223
20962	27	27	0	Minnesota	524113	Direct life insurance carriers	52	0400000US27	206.66666666666666	12166.888888888889	1196033.0
20963	27	27	0	Minnesota	524114	Direct health and medical insurance carriers	52	0400000US27	105.11111111111111	15685.0	1668325.4444444445
20964	27	27	0	Minnesota	524126	Direct property and casualty insurance carriers	52	0400000US27	273.55555555555554	8489.777777777777	833954.1111111111
20965	27	27	0	Minnesota	524127	Direct title insurance carriers	52	0400000US27	53.22222222222222	652.3333333333334	59549.88888888889
20966	27	27	0	Minnesota	524128	Other direct insurance (except life, health, and medical) carriers	52	0400000US27	8.333333333333334	22.22222222222222	1772.0
20967	27	27	0	Minnesota	524130	Reinsurance carriers	52	0400000US27	7.888888888888889	41.22222222222222	6636.888888888889
20968	27	27	0	Minnesota	524210	Insurance agencies and brokerages	52	0400000US27	3280.777777777778	14924.333333333334	1014566.0
20969	27	27	0	Minnesota	524291	Claims adjusting	52	0400000US27	86.11111111111111	409.3333333333333	25199.666666666668
20970	27	27	0	Minnesota	524292	Third party administration of insurance and pension funds	52	0400000US27	110.22222222222223	8770.444444444445	734088.0
20971	27	27	0	Minnesota	524298	All other insurance related activities	52	0400000US27	69.11111111111111	741.2222222222222	33078.333333333336
20972	27	27	0	Minnesota	525910	Open-end investment funds	52	0400000US27	3.4	6.8	473.6
20973	27	27	0	Minnesota	525990	Other financial vehicles	52	0400000US27	24.77777777777778	216.44444444444446	9087.888888888889
20974	27	27	0	Minnesota	531110	Lessors of residential buildings and dwellings	53	0400000US27	1149.6666666666667	6462.555555555556	191951.22222222222
20975	27	27	0	Minnesota	531120	Lessors of nonresidential buildings (except miniwarehouses)	53	0400000US27	442.55555555555554	3320.3333333333335	125788.22222222222
20976	27	27	0	Minnesota	531130	Lessors of miniwarehouses and self-storage units	53	0400000US27	149.66666666666666	264.8888888888889	7990.888888888889
20977	27	27	0	Minnesota	531190	Lessors of other real estate property	53	0400000US27	136.11111111111111	355.8888888888889	11709.666666666666
20978	27	27	0	Minnesota	531210	Offices of real estate agents and brokers	53	0400000US27	2430.6666666666665	5299.111111111111	342983.3333333333
20979	27	27	0	Minnesota	531311	Residential property managers	53	0400000US27	759.1111111111111	9393.777777777777	312973.44444444444
20980	27	27	0	Minnesota	531312	Nonresidential property managers	53	0400000US27	281.6666666666667	2635.8888888888887	168522.77777777778
20981	27	27	0	Minnesota	531320	Offices of real estate appraisers	53	0400000US27	301.44444444444446	977.1111111111111	56998.555555555555
20982	27	27	0	Minnesota	531390	Other activities related to real estate	53	0400000US27	347.22222222222223	961.2222222222222	62535.11111111111
20983	27	27	0	Minnesota	532111	Passenger car rental	53	0400000US27	111.22222222222223	671.6666666666666	20552.555555555555
20984	27	27	0	Minnesota	532112	Passenger car leasing	53	0400000US27	10.666666666666666	0.0	0.0
20985	27	27	0	Minnesota	532120	Truck, utility trailer, and RV (recreational vehicle) rental and leasing	53	0400000US27	85.0	627.4444444444445	33977.444444444445
20986	27	27	0	Minnesota	532210	Consumer electronics and appliances rental	53	0400000US27	3.2	1.0	86.2
20987	27	27	0	Minnesota	532220	Formal wear and costume rental	53	0400000US27	20.6	71.8	1772.6
20988	27	27	0	Minnesota	532230	Video tape and disc rental	53	0400000US27	61.6	262.2	5192.0
20989	27	27	0	Minnesota	532281	Formal wear and costume rental	53	0400000US27	16.0	0.0	0.0
20990	27	27	0	Minnesota	532282	Video tape and disc rental	53	0400000US27	37.0	233.0	2701.0
20991	27	27	0	Minnesota	532283	Home health equipment rental	53	0400000US27	31.0	266.0	13624.0
20992	27	27	0	Minnesota	532284	Recreational goods rental	53	0400000US27	44.0	143.0	6561.0
20993	27	27	0	Minnesota	532289	All other consumer goods rental	53	0400000US27	65.0	467.0	18289.0
20994	27	27	0	Minnesota	532291	Home health equipment rental	53	0400000US27	51.0	487.6	22874.0
20995	27	27	0	Minnesota	532292	Recreational goods rental	53	0400000US27	38.2	97.4	5080.6
20996	27	27	0	Minnesota	532299	All other consumer goods rental	53	0400000US27	59.2	415.4	15618.2
20997	27	27	0	Minnesota	532310	General rental centers	53	0400000US27	102.77777777777777	525.4444444444445	20337.555555555555
20998	27	27	0	Minnesota	532411	Commercial air, rail, and water transportation equipment rental and leasing	53	0400000US27	6.333333333333333	8.11111111111111	2065.222222222222
20999	27	27	0	Minnesota	532412	Construction, mining, and forestry machinery and equipment rental and leasing	53	0400000US27	45.44444444444444	592.2222222222222	34924.666666666664
21000	27	27	0	Minnesota	532420	Office machinery and equipment rental and leasing	53	0400000US27	14.777777777777779	109.33333333333333	29842.88888888889
21001	27	27	0	Minnesota	532490	Other commercial and industrial machinery and equipment rental and leasing	53	0400000US27	122.11111111111111	1229.111111111111	75695.88888888889
21002	27	27	0	Minnesota	533110	Lessors of nonfinancial intangible assets (except copyrighted works)	53	0400000US27	55.888888888888886	1858.111111111111	215215.33333333334
21003	27	27	0	Minnesota	541110	Offices of lawyers	54	0400000US27	2359.4444444444443	17748.0	1633045.0
21004	27	27	0	Minnesota	541191	Title abstract and settlement offices	54	0400000US27	251.0	1570.888888888889	82017.77777777778
21005	27	27	0	Minnesota	541199	All other legal services	54	0400000US27	78.0	724.5555555555555	39735.333333333336
21006	27	27	0	Minnesota	541211	Offices of certified public accountants	54	0400000US27	943.1111111111111	9862.222222222223	642080.1111111111
21007	27	27	0	Minnesota	541213	Tax preparation services	54	0400000US27	511.3333333333333	2751.6666666666665	32881.333333333336
21008	27	27	0	Minnesota	541214	Payroll services	54	0400000US27	75.88888888888889	3206.5555555555557	131585.33333333334
21009	27	27	0	Minnesota	541219	Other accounting services	54	0400000US27	620.4444444444445	5312.111111111111	142031.33333333334
21010	27	27	0	Minnesota	541310	Architectural services	54	0400000US27	355.55555555555554	3325.5555555555557	277795.77777777775
21011	27	27	0	Minnesota	541320	Landscape architectural services	54	0400000US27	78.33333333333333	206.55555555555554	13034.333333333334
21012	27	27	0	Minnesota	541330	Engineering services	54	0400000US27	912.7777777777778	15128.333333333334	1291156.5555555555
21013	27	27	0	Minnesota	541340	Drafting services	54	0400000US27	63.333333333333336	178.44444444444446	10074.0
21014	27	27	0	Minnesota	541350	Building inspection services	54	0400000US27	124.22222222222223	282.6666666666667	13190.444444444445
21015	27	27	0	Minnesota	541360	Geophysical surveying and mapping services	54	0400000US27	5.777777777777778	11.222222222222221	996.7777777777778
21016	27	27	0	Minnesota	541370	Surveying and mapping (except geophysical) services	54	0400000US27	95.88888888888889	470.55555555555554	27573.222222222223
21017	27	27	0	Minnesota	541380	Testing laboratories	54	0400000US27	113.66666666666667	1988.888888888889	119553.11111111111
21018	27	27	0	Minnesota	541410	Interior design services	54	0400000US27	212.0	570.8888888888889	29416.444444444445
21019	27	27	0	Minnesota	541420	Industrial design services	54	0400000US27	34.44444444444444	200.22222222222223	14501.555555555555
21020	27	27	0	Minnesota	541430	Graphic design services	54	0400000US27	443.44444444444446	1291.888888888889	74113.11111111111
21021	27	27	0	Minnesota	541490	Other specialized design services	54	0400000US27	37.0	106.22222222222223	6966.333333333333
21022	27	27	0	Minnesota	541511	Custom computer programming services	54	0400000US27	1625.7777777777778	16186.444444444445	1402934.2222222222
21023	27	27	0	Minnesota	541512	Computer systems design services	54	0400000US27	1037.888888888889	10226.666666666666	930438.8888888889
21024	27	27	0	Minnesota	541513	Computer facilities management services	54	0400000US27	156.11111111111111	1519.6666666666667	104211.44444444444
21025	27	27	0	Minnesota	541519	Other computer related services	54	0400000US27	419.1111111111111	1721.2222222222222	136824.88888888888
21026	27	27	0	Minnesota	541611	Administrative management and general management consulting services	54	0400000US27	1403.2222222222222	7727.555555555556	749866.4444444445
21027	27	27	0	Minnesota	541612	Human resources consulting services	54	0400000US27	211.55555555555554	1699.3333333333333	165966.0
21028	27	27	0	Minnesota	541613	Marketing consulting services	54	0400000US27	767.6666666666666	4046.1111111111113	308429.8888888889
21029	27	27	0	Minnesota	541614	Process, physical distribution, and logistics consulting services	54	0400000US27	133.66666666666666	1627.888888888889	84123.77777777778
21030	27	27	0	Minnesota	541618	Other management consulting services	54	0400000US27	136.44444444444446	211.11111111111111	17956.88888888889
21031	27	27	0	Minnesota	541620	Environmental consulting services	54	0400000US27	128.44444444444446	1173.111111111111	80557.66666666667
21032	27	27	0	Minnesota	541690	Other scientific and technical consulting services	54	0400000US27	401.44444444444446	2237.222222222222	167438.44444444444
21033	27	27	0	Minnesota	541711	Research and development in biotechnology	54	0400000US27	39.6	312.2	29532.8
21034	27	27	0	Minnesota	541712	Research and development in the physical, engineering, and life sciences (except biotechnology)	54	0400000US27	211.0	25038.2	2615283.6
21035	27	27	0	Minnesota	541713	Research and development in nanotechnology	54	0400000US27	59.0	657.0	71607.0
21036	27	27	0	Minnesota	541714	Research and development in biotechnology (except nanobiotechnology)	54	0400000US27	44.0	576.0	53769.0
21037	27	27	0	Minnesota	541715	Research and development in the physical, engineering, and life sciences (except nanotechnology and biotechnology)	54	0400000US27	159.0	38423.0	3649413.0
21038	27	27	0	Minnesota	541720	Research and development in the social sciences and humanities	54	0400000US27	28.333333333333332	179.77777777777777	9721.777777777777
21039	27	27	0	Minnesota	541810	Advertising agencies	54	0400000US27	311.22222222222223	4328.888888888889	363756.22222222225
21040	27	27	0	Minnesota	541820	Public relations agencies	54	0400000US27	145.33333333333334	742.0	63331.0
21041	27	27	0	Minnesota	541830	Media buying agencies	54	0400000US27	16.11111111111111	297.1111111111111	21883.0
21042	27	27	0	Minnesota	541840	Media representatives	54	0400000US27	29.77777777777778	190.33333333333334	14662.222222222223
21043	27	27	0	Minnesota	541850	Outdoor advertising	54	0400000US27	63.77777777777778	1422.111111111111	47571.11111111111
21044	27	27	0	Minnesota	541860	Direct mail advertising	54	0400000US27	77.11111111111111	2693.8888888888887	127711.66666666667
21045	27	27	0	Minnesota	541870	Advertising material distribution services	54	0400000US27	15.0	524.7777777777778	15085.111111111111
21046	27	27	0	Minnesota	541890	Other services related to advertising	54	0400000US27	207.22222222222223	5412.555555555556	85503.11111111111
21047	27	27	0	Minnesota	541910	Marketing research and public opinion polling	54	0400000US27	127.33333333333333	1519.3333333333333	88257.44444444444
21048	27	27	0	Minnesota	541921	Photography studios, portrait	54	0400000US27	258.77777777777777	1031.6666666666667	29637.555555555555
21049	27	27	0	Minnesota	541922	Commercial photography	54	0400000US27	134.44444444444446	238.33333333333334	10816.444444444445
21050	27	27	0	Minnesota	541930	Translation and interpretation services	54	0400000US27	66.66666666666667	519.2222222222222	22545.11111111111
21051	27	27	0	Minnesota	541940	Veterinary services	54	0400000US27	583.5555555555555	6288.888888888889	227780.0
21052	27	27	0	Minnesota	541990	All other professional, scientific, and technical services	54	0400000US27	596.1111111111111	1619.7777777777778	113544.44444444444
21053	27	27	0	Minnesota	551111	Offices of bank holding companies	55	0400000US27	36.666666666666664	428.22222222222223	52952.555555555555
21054	27	27	0	Minnesota	551112	Offices of other holding companies	55	0400000US27	98.77777777777777	1511.7777777777778	149505.55555555556
21055	27	27	0	Minnesota	551114	Corporate, subsidiary, and regional managing offices	55	0400000US27	1086.0	131128.77777777778	12854325.444444444
21056	27	27	0	Minnesota	561110	Office administrative services	56	0400000US27	463.22222222222223	7769.777777777777	447975.8888888889
21057	27	27	0	Minnesota	561210	Facilities support services	56	0400000US27	79.0	1027.111111111111	43698.444444444445
21058	27	27	0	Minnesota	561311	Employment placement agencies	56	0400000US27	94.44444444444444	3039.8888888888887	103406.44444444444
21059	27	27	0	Minnesota	561312	Executive search services	56	0400000US27	141.33333333333334	550.5555555555555	53913.22222222222
21060	27	27	0	Minnesota	561320	Temporary help services	56	0400000US27	743.1111111111111	67956.66666666667	2095899.3333333333
21061	27	27	0	Minnesota	561330	Professional employer organizations	56	0400000US27	50.0	16356.222222222223	1078721.2222222222
21062	27	27	0	Minnesota	561410	Document preparation services	56	0400000US27	64.44444444444444	1158.0	22536.222222222223
21063	27	27	0	Minnesota	561421	Telephone answering services	56	0400000US27	17.444444444444443	524.2222222222222	23173.555555555555
21064	27	27	0	Minnesota	561422	Telemarketing bureaus and other contact centers	56	0400000US27	92.77777777777777	5538.666666666667	176527.44444444444
21065	27	27	0	Minnesota	561431	Private mail centers	56	0400000US27	50.888888888888886	233.44444444444446	4665.333333333333
21066	27	27	0	Minnesota	561439	Other business service centers (including copy shops)	56	0400000US27	71.88888888888889	1182.4444444444443	55578.77777777778
21067	27	27	0	Minnesota	561440	Collection agencies	56	0400000US27	90.77777777777777	3692.8888888888887	162677.55555555556
21068	27	27	0	Minnesota	561450	Credit bureaus	56	0400000US27	9.444444444444445	139.33333333333334	12314.777777777777
21069	27	27	0	Minnesota	561491	Repossession services	56	0400000US27	7.0	111.33333333333333	4802.444444444444
21070	27	27	0	Minnesota	561492	Court reporting and stenotype services	56	0400000US27	68.0	227.88888888888889	9808.555555555555
21071	27	27	0	Minnesota	561499	All other business support services	56	0400000US27	92.33333333333333	857.2222222222222	41837.0
21072	27	27	0	Minnesota	561510	Travel agencies	56	0400000US27	314.0	2244.6666666666665	148016.77777777778
21073	27	27	0	Minnesota	561520	Tour operators	56	0400000US27	50.44444444444444	686.7777777777778	19747.88888888889
21074	27	27	0	Minnesota	561591	Convention and visitors bureaus	56	0400000US27	38.22222222222222	220.11111111111111	11730.888888888889
21075	27	27	0	Minnesota	561599	All other travel arrangement and reservation services	56	0400000US27	29.77777777777778	549.7777777777778	60340.333333333336
21076	27	27	0	Minnesota	561611	Investigation services	56	0400000US27	53.77777777777778	322.55555555555554	13958.0
21077	27	27	0	Minnesota	561612	Security guards and patrol services	56	0400000US27	82.77777777777777	9034.0	204156.77777777778
21078	27	27	0	Minnesota	561613	Armored car services	56	0400000US27	13.0	511.44444444444446	16359.666666666666
21079	27	27	0	Minnesota	561621	Security systems services (except locksmiths)	56	0400000US27	82.88888888888889	1317.111111111111	64559.444444444445
21080	27	27	0	Minnesota	561622	Locksmiths	56	0400000US27	54.55555555555556	227.0	9274.888888888889
21081	27	27	0	Minnesota	561710	Exterminating and pest control services	56	0400000US27	86.44444444444444	594.6666666666666	31262.666666666668
21082	27	27	0	Minnesota	561720	Janitorial services	56	0400000US27	1179.888888888889	17299.222222222223	357194.1111111111
21083	27	27	0	Minnesota	561730	Landscaping services	56	0400000US27	2065.4444444444443	8770.666666666666	384093.1111111111
21084	27	27	0	Minnesota	561740	Carpet and upholstery cleaning services	56	0400000US27	145.0	733.0	20361.0
21085	27	27	0	Minnesota	561790	Other services to buildings and dwellings	56	0400000US27	165.55555555555554	1252.7777777777778	45974.11111111111
21086	27	27	0	Minnesota	561910	Packaging and labeling services	56	0400000US27	37.111111111111114	833.2222222222222	31472.11111111111
21087	27	27	0	Minnesota	561920	Convention and trade show organizers	56	0400000US27	108.55555555555556	1057.3333333333333	43737.0
21088	27	27	0	Minnesota	561990	All other support services	56	0400000US27	340.3333333333333	3679.1111111111113	138072.33333333334
21089	27	27	0	Minnesota	562111	Solid waste collection	56	0400000US27	301.77777777777777	4211.111111111111	226259.11111111112
21090	27	27	0	Minnesota	562112	Hazardous waste collection	56	0400000US27	10.0	74.0	7667.8
21091	27	27	0	Minnesota	562119	Other waste collection	56	0400000US27	24.555555555555557	104.44444444444444	5700.666666666667
21092	27	27	0	Minnesota	562211	Hazardous waste treatment and disposal	56	0400000US27	11.88888888888889	159.66666666666666	10110.777777777777
21093	27	27	0	Minnesota	562212	Solid waste landfill	56	0400000US27	36.888888888888886	318.22222222222223	16436.444444444445
21094	27	27	0	Minnesota	562213	Solid waste combustors and incinerators	56	0400000US27	2.2	18.2	1381.4
21095	27	27	0	Minnesota	562219	Other nonhazardous waste treatment and disposal	56	0400000US27	7.333333333333333	19.444444444444443	1154.3333333333333
21096	27	27	0	Minnesota	562910	Remediation services	56	0400000US27	69.22222222222223	855.0	55567.444444444445
21097	27	27	0	Minnesota	562920	Materials recovery facilities	56	0400000US27	33.22222222222222	516.5555555555555	23137.777777777777
21098	27	27	0	Minnesota	562991	Septic tank and related services	56	0400000US27	85.66666666666667	376.0	15454.222222222223
21099	27	27	0	Minnesota	562998	All other miscellaneous waste management services	56	0400000US27	39.77777777777778	241.66666666666666	11204.111111111111
21100	27	27	0	Minnesota	611110	Elementary and secondary schools	61	0400000US27	485.0	18736.666666666668	601167.4444444445
21101	27	27	0	Minnesota	611210	Junior colleges	61	0400000US27	9.11111111111111	597.4444444444445	22214.777777777777
21102	27	27	0	Minnesota	611310	Colleges, universities, and professional schools	61	0400000US27	93.0	37898.11111111111	1083212.7777777778
21103	27	27	0	Minnesota	611410	Business and secretarial schools	61	0400000US27	2.0	72.25	2113.5
21104	27	27	0	Minnesota	611420	Computer training	61	0400000US27	33.333333333333336	121.33333333333333	6967.444444444444
21105	27	27	0	Minnesota	611430	Professional and management development training	61	0400000US27	130.88888888888889	762.1111111111111	49776.333333333336
21106	27	27	0	Minnesota	611511	Cosmetology and barber schools	61	0400000US27	26.22222222222222	332.44444444444446	9867.444444444445
21107	27	27	0	Minnesota	611512	Flight training	61	0400000US27	12.88888888888889	75.44444444444444	1872.5555555555557
21108	27	27	0	Minnesota	611513	Apprenticeship training	61	0400000US27	30.88888888888889	390.8888888888889	11697.888888888889
21109	27	27	0	Minnesota	611519	Other technical and trade schools	61	0400000US27	41.111111111111114	422.6666666666667	13896.111111111111
21110	27	27	0	Minnesota	611610	Fine arts schools	61	0400000US27	272.55555555555554	2843.8888888888887	40612.333333333336
21111	27	27	0	Minnesota	611620	Sports and recreation instruction	61	0400000US27	302.8888888888889	3010.0	44936.11111111111
21112	27	27	0	Minnesota	611630	Language schools	61	0400000US27	20.11111111111111	228.77777777777777	4291.666666666667
21113	27	27	0	Minnesota	611691	Exam preparation and tutoring	61	0400000US27	119.55555555555556	2371.0	35472.333333333336
21114	27	27	0	Minnesota	611692	Automobile driving schools	61	0400000US27	56.0	294.55555555555554	4564.111111111111
21115	27	27	0	Minnesota	611699	All other miscellaneous schools and instruction	61	0400000US27	150.11111111111111	1616.888888888889	30038.0
21116	27	27	0	Minnesota	611710	Educational support services	61	0400000US27	168.88888888888889	2640.4444444444443	120556.33333333333
21117	27	27	0	Minnesota	621111	Offices of physicians (except mental health specialists)	62	0400000US27	1434.3333333333333	35927.0	3430609.222222222
21118	27	27	0	Minnesota	621112	Offices of physicians, mental health specialists	62	0400000US27	119.88888888888889	613.1111111111111	36841.444444444445
21119	27	27	0	Minnesota	621210	Offices of dentists	62	0400000US27	1974.6666666666667	17109.666666666668	953145.0
21120	27	27	0	Minnesota	621310	Offices of chiropractors	62	0400000US27	1340.6666666666667	4670.444444444444	141946.44444444444
21121	27	27	0	Minnesota	621320	Offices of optometrists	62	0400000US27	339.44444444444446	2165.3333333333335	92289.33333333333
21122	27	27	0	Minnesota	621330	Offices of mental health practitioners (except physicians)	62	0400000US27	569.6666666666666	2737.222222222222	103809.22222222222
21123	27	27	0	Minnesota	621340	Offices of physical, occupational and speech therapists, and audiologists	62	0400000US27	398.44444444444446	3845.1111111111113	145060.88888888888
21124	27	27	0	Minnesota	621391	Offices of podiatrists	62	0400000US27	40.44444444444444	198.55555555555554	11486.333333333334
21125	27	27	0	Minnesota	621399	Offices of all other miscellaneous health practitioners	62	0400000US27	336.77777777777777	1766.111111111111	89042.55555555556
21126	27	27	0	Minnesota	621410	Family planning centers	62	0400000US27	60.44444444444444	523.0	26380.333333333332
21127	27	27	0	Minnesota	621420	Outpatient mental health and substance abuse centers	62	0400000US27	271.55555555555554	6336.333333333333	277464.3333333333
21128	27	27	0	Minnesota	621491	HMO medical centers	62	0400000US27	59.77777777777778	66.55555555555556	5184.333333333333
21129	27	27	0	Minnesota	621492	Kidney dialysis centers	62	0400000US27	98.33333333333333	0.0	0.0
21130	27	27	0	Minnesota	621493	Freestanding ambulatory surgical and emergency centers	62	0400000US27	70.33333333333333	2307.222222222222	166779.88888888888
21131	27	27	0	Minnesota	621498	All other outpatient care centers	62	0400000US27	221.77777777777777	8600.444444444445	623548.7777777778
21132	27	27	0	Minnesota	621511	Medical laboratories	62	0400000US27	47.55555555555556	1081.6666666666667	87443.55555555556
21133	27	27	0	Minnesota	621512	Diagnostic imaging centers	62	0400000US27	84.55555555555556	1134.3333333333333	109471.22222222222
21134	27	27	0	Minnesota	621610	Home health care services	62	0400000US27	681.2222222222222	36908.444444444445	849435.3333333334
21135	27	27	0	Minnesota	621910	Ambulance services	62	0400000US27	82.33333333333333	2171.777777777778	98475.44444444444
21136	27	27	0	Minnesota	621991	Blood and organ banks	62	0400000US27	29.22222222222222	1921.5555555555557	84681.22222222222
21137	27	27	0	Minnesota	621999	All other miscellaneous ambulatory health care services	62	0400000US27	98.44444444444444	1779.7777777777778	88137.77777777778
21138	27	27	0	Minnesota	622110	General medical and surgical hospitals	62	0400000US27	137.11111111111111	114385.55555555556	6945663.888888889
21139	27	27	0	Minnesota	622210	Psychiatric and substance abuse hospitals	62	0400000US27	2.4	509.4	32436.0
21140	27	27	0	Minnesota	622310	Specialty (except psychiatric and substance abuse) hospitals	62	0400000US27	7.444444444444445	1237.111111111111	100547.88888888889
21141	27	27	0	Minnesota	623110	Nursing care facilities (skilled nursing facilities)	62	0400000US27	380.0	36669.88888888889	1000904.4444444445
21142	27	27	0	Minnesota	623210	Residential intellectual and developmental disability facilities	62	0400000US27	2314.1111111111113	31905.0	658235.8888888889
21143	27	27	0	Minnesota	623220	Residential mental health and substance abuse facilities	62	0400000US27	305.8888888888889	7554.888888888889	245962.11111111112
21144	27	27	0	Minnesota	623311	Continuing care retirement communities	62	0400000US27	266.22222222222223	17843.666666666668	434901.1111111111
21145	27	27	0	Minnesota	623312	Assisted living facilities for the elderly	62	0400000US27	493.0	13571.0	300656.44444444444
21146	27	27	0	Minnesota	623990	Other residential care facilities	62	0400000US27	193.44444444444446	3409.777777777778	88432.66666666667
21147	27	27	0	Minnesota	624110	Child and youth services	62	0400000US27	225.88888888888889	2620.222222222222	82618.55555555556
21148	27	27	0	Minnesota	624120	Services for the elderly and persons with disabilities	62	0400000US27	689.8888888888889	35224.444444444445	590988.4444444445
21149	27	27	0	Minnesota	624190	Other individual and family services	62	0400000US27	839.3333333333334	12016.666666666666	350594.22222222225
21150	27	27	0	Minnesota	624210	Community food services	62	0400000US27	189.88888888888889	1438.888888888889	33879.22222222222
21151	27	27	0	Minnesota	624221	Temporary shelters	62	0400000US27	73.0	1698.4444444444443	50042.444444444445
21152	27	27	0	Minnesota	624229	Other community housing services	62	0400000US27	127.0	1723.6666666666667	66715.0
21153	27	27	0	Minnesota	624230	Emergency and other relief services	62	0400000US27	34.22222222222222	397.6666666666667	15962.444444444445
21154	27	27	0	Minnesota	624310	Vocational rehabilitation services	62	0400000US27	327.0	18567.333333333332	270029.1111111111
21155	27	27	0	Minnesota	624410	Child day care services	62	0400000US27	1435.6666666666667	18281.0	381342.6666666667
21156	27	27	0	Minnesota	711110	Theater companies and dinner theaters	71	0400000US27	91.77777777777777	2193.8888888888887	49506.0
21157	27	27	0	Minnesota	711120	Dance companies	71	0400000US27	28.0	176.33333333333334	2391.6666666666665
21158	27	27	0	Minnesota	711130	Musical groups and artists	71	0400000US27	98.22222222222223	889.2222222222222	30593.333333333332
21159	27	27	0	Minnesota	711190	Other performing arts companies	71	0400000US27	10.666666666666666	38.0	1321.7777777777778
21160	27	27	0	Minnesota	711211	Sports teams and clubs	71	0400000US27	31.88888888888889	1641.7777777777778	532086.2222222222
21161	27	27	0	Minnesota	711212	Racetracks	71	0400000US27	18.333333333333332	87.55555555555556	5500.777777777777
21162	27	27	0	Minnesota	711219	Other spectator sports	71	0400000US27	36.44444444444444	95.66666666666667	6306.222222222223
21163	27	27	0	Minnesota	711310	Promoters of performing arts, sports, and similar events with facilities	71	0400000US27	88.44444444444444	3334.4444444444443	54339.88888888889
21164	27	27	0	Minnesota	711320	Promoters of performing arts, sports, and similar events without facilities	71	0400000US27	113.88888888888889	486.8888888888889	14693.444444444445
21165	27	27	0	Minnesota	711410	Agents and managers for artists, athletes, entertainers, and other public figures	71	0400000US27	41.22222222222222	72.33333333333333	4575.777777777777
21166	27	27	0	Minnesota	711510	Independent artists, writers, and performers	71	0400000US27	305.8888888888889	746.7777777777778	31149.555555555555
21167	27	27	0	Minnesota	712110	Museums	71	0400000US27	145.44444444444446	2167.1111111111113	70433.44444444444
21168	27	27	0	Minnesota	712120	Historical sites	71	0400000US27	38.44444444444444	337.44444444444446	8423.222222222223
21169	27	27	0	Minnesota	712130	Zoos and botanical gardens	71	0400000US27	11.666666666666666	253.55555555555554	4822.777777777777
21170	27	27	0	Minnesota	712190	Nature parks and other similar institutions	71	0400000US27	6.555555555555555	34.44444444444444	1008.3333333333334
21171	27	27	0	Minnesota	713110	Amusement and theme parks	71	0400000US27	5.555555555555555	0.0	0.0
21172	27	27	0	Minnesota	713120	Amusement arcades	71	0400000US27	39.22222222222222	576.8888888888889	8704.666666666666
21173	27	27	0	Minnesota	713210	Casinos (except casino hotels)	71	0400000US27	3.4444444444444446	1500.7777777777778	48228.555555555555
21174	27	27	0	Minnesota	713290	Other gambling industries	71	0400000US27	48.55555555555556	924.5555555555555	27703.666666666668
21175	27	27	0	Minnesota	713910	Golf courses and country clubs	71	0400000US27	349.3333333333333	4576.888888888889	149910.55555555556
21176	27	27	0	Minnesota	713920	Skiing facilities	71	0400000US27	11.88888888888889	2080.6666666666665	13861.888888888889
21177	27	27	0	Minnesota	713930	Marinas	71	0400000US27	55.666666666666664	213.77777777777777	11362.0
21178	27	27	0	Minnesota	713940	Fitness and recreational sports centers	71	0400000US27	693.2222222222222	17348.333333333332	239677.22222222222
21179	27	27	0	Minnesota	713950	Bowling centers	71	0400000US27	133.11111111111111	2621.777777777778	35255.444444444445
21180	27	27	0	Minnesota	713990	All other amusement and recreation industries	71	0400000US27	496.0	3685.777777777778	61660.22222222222
21181	27	27	0	Minnesota	721110	Hotels (except casino hotels) and motels	72	0400000US27	890.6666666666666	23372.222222222223	518661.1111111111
21182	27	27	0	Minnesota	721120	Casino hotels	72	0400000US27	13.0	11627.0	323919.22222222225
21183	27	27	0	Minnesota	721191	Bed-and-breakfast inns	72	0400000US27	43.333333333333336	204.77777777777777	3182.6666666666665
21184	27	27	0	Minnesota	721199	All other traveler accommodation	72	0400000US27	177.11111111111111	475.77777777777777	13272.222222222223
21185	27	27	0	Minnesota	721211	RV (recreational vehicle) parks and campgrounds	72	0400000US27	130.0	186.88888888888889	7423.444444444444
21186	27	27	0	Minnesota	721214	Recreational and vacation camps (except campgrounds)	72	0400000US27	96.44444444444444	645.2222222222222	20037.11111111111
21187	27	27	0	Minnesota	721310	Rooming and boarding houses	72	0400000US27	61.77777777777778	364.55555555555554	6676.111111111111
21188	27	27	0	Minnesota	722310	Food service contractors	72	0400000US27	658.3333333333334	13600.111111111111	269275.0
21189	27	27	0	Minnesota	722320	Caterers	72	0400000US27	168.0	2717.777777777778	49763.22222222222
21190	27	27	0	Minnesota	722330	Mobile food services	72	0400000US27	114.44444444444444	192.88888888888889	6551.555555555556
21191	27	27	0	Minnesota	722410	Drinking places (alcoholic beverages)	72	0400000US27	938.1111111111111	9429.777777777777	134945.55555555556
21192	27	27	0	Minnesota	722511	Full-service restaurants	72	0400000US27	3820.8888888888887	93608.11111111111	1687049.2222222222
21193	27	27	0	Minnesota	722513	Limited-service restaurants	72	0400000US27	3616.6666666666665	67911.44444444444	915983.4444444445
21194	27	27	0	Minnesota	722514	Cafeterias, grill buffets, and buffets	72	0400000US27	66.22222222222223	1329.888888888889	20016.88888888889
21195	27	27	0	Minnesota	722515	Snack and nonalcoholic beverage bars	72	0400000US27	911.7777777777778	11121.333333333334	151772.33333333334
21196	27	27	0	Minnesota	811111	General automotive repair	81	0400000US27	1670.2222222222222	7822.666666666667	308055.22222222225
21197	27	27	0	Minnesota	811112	Automotive exhaust system repair	81	0400000US27	22.88888888888889	38.888888888888886	1439.111111111111
21198	27	27	0	Minnesota	811113	Automotive transmission repair	81	0400000US27	68.66666666666667	204.66666666666666	7661.0
21199	27	27	0	Minnesota	811118	Other automotive mechanical and electrical repair and maintenance	81	0400000US27	56.888888888888886	172.11111111111111	6606.111111111111
21200	27	27	0	Minnesota	811121	Automotive body, paint, and interior repair and maintenance	81	0400000US27	750.3333333333334	4306.222222222223	207629.66666666666
21201	27	27	0	Minnesota	811122	Automotive glass replacement shops	81	0400000US27	120.22222222222223	764.0	33241.666666666664
21202	27	27	0	Minnesota	811191	Automotive oil change and lubrication shops	81	0400000US27	134.0	756.7777777777778	21329.555555555555
21203	27	27	0	Minnesota	811192	Car washes	81	0400000US27	192.66666666666666	2511.777777777778	42291.88888888889
21204	27	27	0	Minnesota	811198	All other automotive repair and maintenance	81	0400000US27	75.22222222222223	260.6666666666667	9365.888888888889
21205	27	27	0	Minnesota	811211	Consumer electronics repair and maintenance	81	0400000US27	27.0	82.44444444444444	2098.1111111111113
21206	27	27	0	Minnesota	811212	Computer and office machine repair and maintenance	81	0400000US27	86.66666666666667	495.44444444444446	22752.555555555555
21207	27	27	0	Minnesota	811213	Communication equipment repair and maintenance	81	0400000US27	25.666666666666668	126.55555555555556	7549.444444444444
21208	27	27	0	Minnesota	811219	Other electronic and precision equipment repair and maintenance	81	0400000US27	64.11111111111111	780.0	34955.77777777778
21209	27	27	0	Minnesota	811310	Commercial and industrial machinery and equipment (except automotive and electronic) repair and maintenance	81	0400000US27	524.4444444444445	3832.1111111111113	204589.44444444444
21210	27	27	0	Minnesota	811411	Home and garden equipment repair and maintenance	81	0400000US27	39.888888888888886	91.88888888888889	2765.777777777778
21211	27	27	0	Minnesota	811412	Appliance repair and maintenance	81	0400000US27	76.88888888888889	250.77777777777777	9357.111111111111
21212	27	27	0	Minnesota	811420	Reupholstery and furniture repair	81	0400000US27	79.88888888888889	185.55555555555554	5670.444444444444
21213	27	27	0	Minnesota	811430	Footwear and leather goods repair	81	0400000US27	16.444444444444443	27.666666666666668	829.2222222222222
21214	27	27	0	Minnesota	811490	Other personal and household goods repair and maintenance	81	0400000US27	304.77777777777777	761.0	23113.333333333332
21215	27	27	0	Minnesota	812111	Barber shops	81	0400000US27	50.44444444444444	189.66666666666666	5249.555555555556
21216	27	27	0	Minnesota	812112	Beauty salons	81	0400000US27	1677.5555555555557	11472.555555555555	255724.77777777778
21217	27	27	0	Minnesota	812113	Nail salons	81	0400000US27	487.8888888888889	1930.111111111111	41828.77777777778
21218	27	27	0	Minnesota	812191	Diet and weight reducing centers	81	0400000US27	58.22222222222222	573.8888888888889	8932.0
21219	27	27	0	Minnesota	812199	Other personal care services	81	0400000US27	368.3333333333333	2664.1111111111113	45582.444444444445
21220	27	27	0	Minnesota	812210	Funeral homes and funeral services	81	0400000US27	307.77777777777777	1735.4444444444443	64879.333333333336
21221	27	27	0	Minnesota	812220	Cemeteries and crematories	81	0400000US27	116.11111111111111	320.77777777777777	11306.111111111111
21222	27	27	0	Minnesota	812310	Coin-operated laundries and drycleaners	81	0400000US27	93.55555555555556	546.8888888888889	11726.333333333334
21223	27	27	0	Minnesota	812320	Drycleaning and laundry services (except coin-operated)	81	0400000US27	209.88888888888889	1923.6666666666667	39281.88888888889
21224	27	27	0	Minnesota	812331	Linen supply	81	0400000US27	12.0	791.8888888888889	27338.444444444445
21225	27	27	0	Minnesota	812332	Industrial launderers	81	0400000US27	22.666666666666668	1244.3333333333333	49820.444444444445
21226	27	27	0	Minnesota	812910	Pet care (except veterinary) services	81	0400000US27	334.8888888888889	2168.4444444444443	39133.333333333336
21227	27	27	0	Minnesota	812921	Photofinishing laboratories (except one-hour)	81	0400000US27	10.666666666666666	109.33333333333333	5782.666666666667
21228	27	27	0	Minnesota	812922	One-hour photofinishing	81	0400000US27	3.6	0.0	0.0
21229	27	27	0	Minnesota	812930	Parking lots and garages	81	0400000US27	194.55555555555554	2074.3333333333335	55029.666666666664
21230	27	27	0	Minnesota	812990	All other personal services	81	0400000US27	336.6666666666667	2275.1111111111113	56657.666666666664
21231	27	27	0	Minnesota	813110	Religious organizations	81	0400000US27	4078.777777777778	35262.22222222222	717732.5555555555
21232	27	27	0	Minnesota	813211	Grantmaking foundations	81	0400000US27	213.77777777777777	1610.3333333333333	107873.55555555556
21233	27	27	0	Minnesota	813212	Voluntary health organizations	81	0400000US27	73.22222222222223	1630.7777777777778	92488.0
21234	27	27	0	Minnesota	813219	Other grantmaking and giving services	81	0400000US27	110.44444444444444	736.0	32372.555555555555
21235	27	27	0	Minnesota	813311	Human rights organizations	81	0400000US27	63.77777777777778	526.5555555555555	19513.555555555555
21236	27	27	0	Minnesota	813312	Environment, conservation and wildlife organizations	81	0400000US27	171.44444444444446	1842.2222222222222	73535.0
21237	27	27	0	Minnesota	813319	Other social advocacy organizations	81	0400000US27	206.55555555555554	1058.111111111111	39382.11111111111
21238	27	27	0	Minnesota	813410	Civic and social organizations	81	0400000US27	1032.0	10308.555555555555	138267.88888888888
21239	27	27	0	Minnesota	813910	Business associations	81	0400000US27	384.44444444444446	2221.1111111111113	128339.44444444444
21240	27	27	0	Minnesota	813920	Professional organizations	81	0400000US27	146.11111111111111	1297.0	71272.88888888889
21241	27	27	0	Minnesota	813930	Labor unions and similar labor organizations	81	0400000US27	306.44444444444446	4722.222222222223	118187.11111111111
21242	27	27	0	Minnesota	813940	Political organizations	81	0400000US27	39.666666666666664	184.0	12231.111111111111
21243	27	27	0	Minnesota	813990	Other similar organizations (except business, professional, labor, and political organizations)	81	0400000US27	148.33333333333334	831.5555555555555	22518.555555555555
